390.0,0.17842,0.02464,0.79694
390.1,0.17842,0.02466,0.79692
390.2,0.17842,0.02468,0.79691
390.3,0.17841,0.02470,0.79689
390.4,0.17841,0.02472,0.79687
390.5,0.17841,0.02473,0.79686
390.6,0.17840,0.02475,0.79684
390.7,0.17840,0.02477,0.79683
390.8,0.17839,0.02479,0.79682
390.9,0.17839,0.02481,0.79681
391.0,0.17838,0.02482,0.79679
391.1,0.17838,0.02484,0.79678
391.2,0.17837,0.02485,0.79678
391.3,0.17836,0.02487,0.79677
391.4,0.17836,0.02488,0.79676
391.5,0.17835,0.02490,0.79675
391.6,0.17834,0.02491,0.79675
391.7,0.17833,0.02492,0.79674
391.8,0.17832,0.02494,0.79674
391.9,0.17832,0.02495,0.79674
392.0,0.17831,0.02496,0.79673
392.1,0.17830,0.02497,0.79673
392.2,0.17829,0.02498,0.79673
392.3,0.17827,0.02499,0.79673
392.4,0.17826,0.02500,0.79673
392.5,0.17825,0.02501,0.79673
392.6,0.17824,0.02502,0.79674
392.7,0.17823,0.02503,0.79674
392.8,0.17821,0.02504,0.79675
392.9,0.17820,0.02505,0.79675
393.0,0.17819,0.02505,0.79676
393.1,0.17817,0.02506,0.79676
393.2,0.17816,0.02507,0.79677
393.3,0.17815,0.02507,0.79678
393.4,0.17813,0.02508,0.79679
393.5,0.17812,0.02508,0.79680
393.6,0.17810,0.02509,0.79681
393.7,0.17808,0.02509,0.79683
393.8,0.17807,0.02509,0.79684
393.9,0.17805,0.02510,0.79685
394.0,0.17803,0.02510,0.79687
394.1,0.17802,0.02510,0.79688
394.2,0.17800,0.02510,0.79690
394.3,0.17798,0.02510,0.79692
394.4,0.17796,0.02510,0.79694
394.5,0.17794,0.02510,0.79695
394.6,0.17792,0.02510,0.79697
394.7,0.17790,0.02510,0.79699
394.8,0.17789,0.02510,0.79702
394.9,0.17787,0.02510,0.79704
395.0,0.17784,0.02509,0.79706
395.1,0.17782,0.02509,0.79708
395.2,0.17780,0.02509,0.79711
395.3,0.17778,0.02508,0.79713
395.4,0.17776,0.02508,0.79716
395.5,0.17774,0.02507,0.79719
395.6,0.17772,0.02507,0.79722
395.7,0.17769,0.02506,0.79724
395.8,0.17767,0.02505,0.79727
395.9,0.17765,0.02505,0.79730
396.0,0.17763,0.02504,0.79733
396.1,0.17760,0.02503,0.79737
396.2,0.17758,0.02502,0.79740
396.3,0.17755,0.02501,0.79743
396.4,0.17753,0.02500,0.79747
396.5,0.17751,0.02499,0.79750
396.6,0.17748,0.02498,0.79754
396.7,0.17746,0.02497,0.79757
396.8,0.17743,0.02496,0.79761
396.9,0.17741,0.02495,0.79765
397.0,0.17738,0.02494,0.79769
397.1,0.17735,0.02492,0.79772
397.2,0.17733,0.02491,0.79776
397.3,0.17730,0.02489,0.79780
397.4,0.17727,0.02488,0.79785
397.5,0.17725,0.02486,0.79789
397.6,0.17722,0.02485,0.79793
397.7,0.17719,0.02483,0.79797
397.8,0.17717,0.02482,0.79802
397.9,0.17714,0.02480,0.79806
398.0,0.17711,0.02478,0.79811
398.1,0.17708,0.02476,0.79815
398.2,0.17705,0.02474,0.79820
398.3,0.17703,0.02472,0.79825
398.4,0.17700,0.02471,0.79830
398.5,0.17697,0.02469,0.79835
398.6,0.17694,0.02466,0.79840
398.7,0.17691,0.02464,0.79845
398.8,0.17688,0.02462,0.79850
398.9,0.17685,0.02460,0.79855
399.0,0.17682,0.02458,0.79860
399.1,0.17679,0.02455,0.79865
399.2,0.17676,0.02453,0.79871
399.3,0.17673,0.02451,0.79876
399.4,0.17670,0.02448,0.79881
399.5,0.17667,0.02446,0.79887
399.6,0.17664,0.02443,0.79893
399.7,0.17661,0.02441,0.79898
399.8,0.17658,0.02438,0.79904
399.9,0.17655,0.02435,0.79910
400.0,0.17652,0.02432,0.79915
400.1,0.17649,0.02430,0.79921
400.2,0.17646,0.02427,0.79927
400.3,0.17643,0.02424,0.79933
400.4,0.17640,0.02421,0.79939
400.5,0.17637,0.02418,0.79945
400.6,0.17633,0.02415,0.79951
400.7,0.17630,0.02412,0.79958
400.8,0.17627,0.02409,0.79964
400.9,0.17624,0.02406,0.79970
401.0,0.17621,0.02403,0.79976
401.1,0.17618,0.02400,0.79983
401.2,0.17615,0.02397,0.79989
401.3,0.17611,0.02393,0.79995
401.4,0.17608,0.02390,0.80002
401.5,0.17605,0.02387,0.80008
401.6,0.17602,0.02384,0.80014
401.7,0.17599,0.02380,0.80021
401.8,0.17596,0.02377,0.80027
401.9,0.17593,0.02374,0.80033
402.0,0.17590,0.02371,0.80040
402.1,0.17586,0.02367,0.80046
402.2,0.17583,0.02364,0.80052
402.3,0.17580,0.02361,0.80059
402.4,0.17577,0.02358,0.80065
402.5,0.17574,0.02354,0.80072
402.6,0.17571,0.02351,0.80078
402.7,0.17568,0.02348,0.80084
402.8,0.17565,0.02344,0.80090
402.9,0.17562,0.02341,0.80097
403.0,0.17559,0.02338,0.80103
403.1,0.17556,0.02335,0.80109
403.2,0.17553,0.02332,0.80115
403.3,0.17550,0.02328,0.80121
403.4,0.17547,0.02325,0.80127
403.5,0.17545,0.02322,0.80133
403.6,0.17542,0.02319,0.80139
403.7,0.17539,0.02316,0.80145
403.8,0.17536,0.02313,0.80151
403.9,0.17533,0.02310,0.80157
404.0,0.17530,0.02307,0.80163
404.1,0.17528,0.02304,0.80169
404.2,0.17525,0.02301,0.80174
404.3,0.17522,0.02298,0.80180
404.4,0.17519,0.02295,0.80185
404.5,0.17517,0.02292,0.80191
404.6,0.17514,0.02289,0.80196
404.7,0.17512,0.02287,0.80202
404.8,0.17509,0.02284,0.80207
404.9,0.17506,0.02281,0.80212
405.0,0.17504,0.02279,0.80217
405.1,0.17501,0.02276,0.80222
405.2,0.17499,0.02274,0.80227
405.3,0.17497,0.02271,0.80232
405.4,0.17494,0.02269,0.80237
405.5,0.17492,0.02266,0.80242
405.6,0.17489,0.02264,0.80246
405.7,0.17487,0.02262,0.80251
405.8,0.17485,0.02260,0.80256
405.9,0.17482,0.02257,0.80260
406.0,0.17480,0.02255,0.80265
406.1,0.17478,0.02253,0.80269
406.2,0.17475,0.02251,0.80273
406.3,0.17473,0.02249,0.80278
406.4,0.17471,0.02247,0.80282
406.5,0.17468,0.02245,0.80286
406.6,0.17466,0.02243,0.80291
406.7,0.17464,0.02241,0.80295
406.8,0.17462,0.02239,0.80299
406.9,0.17459,0.02237,0.80303
407.0,0.17457,0.02236,0.80308
407.1,0.17455,0.02234,0.80312
407.2,0.17452,0.02232,0.80316
407.3,0.17450,0.02230,0.80320
407.4,0.17447,0.02228,0.80324
407.5,0.17445,0.02227,0.80328
407.6,0.17443,0.02225,0.80332
407.7,0.17440,0.02223,0.80337
407.8,0.17438,0.02222,0.80341
407.9,0.17435,0.02220,0.80345
408.0,0.17432,0.02218,0.80349
408.1,0.17430,0.02217,0.80354
408.2,0.17427,0.02215,0.80358
408.3,0.17425,0.02213,0.80362
408.4,0.17422,0.02212,0.80366
408.5,0.17419,0.02210,0.80371
408.6,0.17416,0.02208,0.80375
408.7,0.17414,0.02207,0.80380
408.8,0.17411,0.02205,0.80384
408.9,0.17408,0.02204,0.80389
409.0,0.17405,0.02202,0.80393
409.1,0.17402,0.02200,0.80398
409.2,0.17399,0.02199,0.80402
409.3,0.17396,0.02197,0.80407
409.4,0.17393,0.02195,0.80412
409.5,0.17389,0.02194,0.80417
409.6,0.17386,0.02192,0.80422
409.7,0.17383,0.02190,0.80427
409.8,0.17379,0.02189,0.80432
409.9,0.17376,0.02187,0.80437
410.0,0.17372,0.02185,0.80442
410.1,0.17369,0.02184,0.80448
410.2,0.17365,0.02182,0.80453
410.3,0.17361,0.02180,0.80458
410.4,0.17357,0.02179,0.80464
410.5,0.17354,0.02177,0.80470
410.6,0.17350,0.02175,0.80475
410.7,0.17346,0.02173,0.80481
410.8,0.17342,0.02172,0.80487
410.9,0.17337,0.02170,0.80493
411.0,0.17333,0.02168,0.80499
411.1,0.17329,0.02166,0.80505
411.2,0.17325,0.02164,0.80511
411.3,0.17321,0.02163,0.80517
411.4,0.17316,0.02161,0.80523
411.5,0.17312,0.02159,0.80529
411.6,0.17308,0.02157,0.80535
411.7,0.17303,0.02156,0.80541
411.8,0.17299,0.02154,0.80547
411.9,0.17294,0.02152,0.80554
412.0,0.17290,0.02150,0.80560
412.1,0.17285,0.02149,0.80566
412.2,0.17281,0.02147,0.80573
412.3,0.17276,0.02145,0.80579
412.4,0.17271,0.02143,0.80585
412.5,0.17267,0.02142,0.80591
412.6,0.17262,0.02140,0.80598
412.7,0.17258,0.02138,0.80604
412.8,0.17253,0.02137,0.80611
412.9,0.17248,0.02135,0.80617
413.0,0.17243,0.02133,0.80623
413.1,0.17239,0.02132,0.80629
413.2,0.17234,0.02130,0.80636
413.3,0.17229,0.02129,0.80642
413.4,0.17225,0.02127,0.80648
413.5,0.17220,0.02126,0.80655
413.6,0.17215,0.02124,0.80661
413.7,0.17211,0.02123,0.80667
413.8,0.17206,0.02121,0.80673
413.9,0.17201,0.02120,0.80679
414.0,0.17196,0.02118,0.80685
414.1,0.17192,0.02117,0.80691
414.2,0.17187,0.02115,0.80697
414.3,0.17182,0.02114,0.80703
414.4,0.17178,0.02113,0.80709
414.5,0.17173,0.02112,0.80715
414.6,0.17169,0.02110,0.80721
414.7,0.17164,0.02109,0.80727
414.8,0.17160,0.02108,0.80732
414.9,0.17155,0.02107,0.80738
415.0,0.17151,0.02106,0.80744
415.1,0.17146,0.02105,0.80749
415.2,0.17142,0.02104,0.80755
415.3,0.17137,0.02103,0.80760
415.4,0.17133,0.02102,0.80765
415.5,0.17128,0.02101,0.80771
415.6,0.17124,0.02100,0.80776
415.7,0.17120,0.02099,0.80781
415.8,0.17115,0.02098,0.80786
415.9,0.17111,0.02098,0.80791
416.0,0.17107,0.02097,0.80796
416.1,0.17103,0.02096,0.80801
416.2,0.17098,0.02095,0.80806
416.3,0.17094,0.02095,0.80811
416.4,0.17090,0.02094,0.80816
416.5,0.17086,0.02094,0.80821
416.6,0.17082,0.02093,0.80825
416.7,0.17077,0.02093,0.80830
416.8,0.17073,0.02092,0.80834
416.9,0.17069,0.02092,0.80839
417.0,0.17065,0.02092,0.80844
417.1,0.17061,0.02091,0.80848
417.2,0.17056,0.02091,0.80853
417.3,0.17052,0.02091,0.80857
417.4,0.17048,0.02091,0.80861
417.5,0.17044,0.02090,0.80866
417.6,0.17040,0.02090,0.80870
417.7,0.17036,0.02090,0.80874
417.8,0.17031,0.02090,0.80878
417.9,0.17027,0.02090,0.80883
418.0,0.17023,0.02090,0.80887
418.1,0.17019,0.02090,0.80891
418.2,0.17014,0.02090,0.80895
418.3,0.17010,0.02091,0.80899
418.4,0.17006,0.02091,0.80903
418.5,0.17002,0.02091,0.80907
418.6,0.16997,0.02091,0.80911
418.7,0.16993,0.02092,0.80915
418.8,0.16989,0.02092,0.80919
418.9,0.16984,0.02092,0.80923
419.0,0.16980,0.02093,0.80927
419.1,0.16976,0.02093,0.80931
419.2,0.16971,0.02094,0.80935
419.3,0.16967,0.02095,0.80939
419.4,0.16962,0.02095,0.80943
419.5,0.16958,0.02096,0.80947
419.6,0.16953,0.02097,0.80950
419.7,0.16948,0.02097,0.80954
419.8,0.16944,0.02098,0.80958
419.9,0.16939,0.02099,0.80962
420.0,0.16935,0.02100,0.80966
420.1,0.16930,0.02101,0.80970
420.2,0.16925,0.02102,0.80973
420.3,0.16920,0.02103,0.80977
420.4,0.16915,0.02104,0.80981
420.5,0.16910,0.02105,0.80985
420.6,0.16906,0.02106,0.80988
420.7,0.16901,0.02107,0.80992
420.8,0.16896,0.02108,0.80996
420.9,0.16891,0.02110,0.81000
421.0,0.16886,0.02111,0.81004
421.1,0.16881,0.02112,0.81007
421.2,0.16875,0.02114,0.81011
421.3,0.16870,0.02115,0.81015
421.4,0.16865,0.02116,0.81018
421.5,0.16860,0.02118,0.81022
421.6,0.16855,0.02119,0.81026
421.7,0.16850,0.02121,0.81029
421.8,0.16844,0.02123,0.81033
421.9,0.16839,0.02124,0.81037
422.0,0.16834,0.02126,0.81040
422.1,0.16828,0.02128,0.81044
422.2,0.16823,0.02129,0.81048
422.3,0.16818,0.02131,0.81051
422.4,0.16812,0.02133,0.81055
422.5,0.16807,0.02135,0.81058
422.6,0.16802,0.02137,0.81062
422.7,0.16796,0.02138,0.81065
422.8,0.16791,0.02140,0.81069
422.9,0.16785,0.02142,0.81072
423.0,0.16780,0.02144,0.81076
423.1,0.16775,0.02146,0.81079
423.2,0.16769,0.02148,0.81083
423.3,0.16764,0.02150,0.81086
423.4,0.16758,0.02152,0.81089
423.5,0.16753,0.02154,0.81093
423.6,0.16747,0.02157,0.81096
423.7,0.16742,0.02159,0.81099
423.8,0.16737,0.02161,0.81103
423.9,0.16731,0.02163,0.81106
424.0,0.16726,0.02165,0.81109
424.1,0.16720,0.02168,0.81112
424.2,0.16715,0.02170,0.81115
424.3,0.16710,0.02172,0.81118
424.4,0.16704,0.02174,0.81122
424.5,0.16699,0.02177,0.81125
424.6,0.16693,0.02179,0.81128
424.7,0.16688,0.02181,0.81131
424.8,0.16683,0.02184,0.81134
424.9,0.16677,0.02186,0.81137
425.0,0.16672,0.02188,0.81140
425.1,0.16667,0.02191,0.81142
425.2,0.16662,0.02193,0.81145
425.3,0.16656,0.02196,0.81148
425.4,0.16651,0.02198,0.81151
425.5,0.16646,0.02201,0.81154
425.6,0.16641,0.02203,0.81156
425.7,0.16636,0.02206,0.81159
425.8,0.16630,0.02208,0.81162
425.9,0.16625,0.02211,0.81164
426.0,0.16620,0.02213,0.81167
426.1,0.16615,0.02216,0.81169
426.2,0.16610,0.02218,0.81172
426.3,0.16605,0.02221,0.81174
426.4,0.16600,0.02224,0.81177
426.5,0.16595,0.02226,0.81179
426.6,0.16590,0.02229,0.81181
426.7,0.16585,0.02232,0.81184
426.8,0.16579,0.02235,0.81186
426.9,0.16574,0.02238,0.81188
427.0,0.16569,0.02240,0.81190
427.1,0.16564,0.02243,0.81193
427.2,0.16559,0.02246,0.81195
427.3,0.16554,0.02249,0.81197
427.4,0.16549,0.02252,0.81199
427.5,0.16544,0.02255,0.81201
427.6,0.16539,0.02258,0.81203
427.7,0.16533,0.02262,0.81205
427.8,0.16528,0.02265,0.81207
427.9,0.16523,0.02268,0.81209
428.0,0.16518,0.02271,0.81211
428.1,0.16513,0.02275,0.81213
428.2,0.16508,0.02278,0.81214
428.3,0.16502,0.02281,0.81216
428.4,0.16497,0.02285,0.81218
428.5,0.16492,0.02288,0.81220
428.6,0.16486,0.02292,0.81221
428.7,0.16481,0.02296,0.81223
428.8,0.16476,0.02299,0.81225
428.9,0.16470,0.02303,0.81226
429.0,0.16465,0.02307,0.81228
429.1,0.16459,0.02311,0.81230
429.2,0.16454,0.02315,0.81231
429.3,0.16448,0.02319,0.81233
429.4,0.16443,0.02323,0.81234
429.5,0.16437,0.02327,0.81236
429.6,0.16431,0.02331,0.81237
429.7,0.16426,0.02336,0.81239
429.8,0.16420,0.02340,0.81240
429.9,0.16414,0.02344,0.81241
430.0,0.16408,0.02349,0.81243
430.1,0.16402,0.02354,0.81244
430.2,0.16396,0.02358,0.81246
430.3,0.16390,0.02363,0.81247
430.4,0.16384,0.02368,0.81248
430.5,0.16378,0.02373,0.81249
430.6,0.16372,0.02378,0.81251
430.7,0.16365,0.02383,0.81252
430.8,0.16359,0.02388,0.81253
430.9,0.16353,0.02393,0.81254
431.0,0.16346,0.02398,0.81255
431.1,0.16340,0.02403,0.81257
431.2,0.16334,0.02409,0.81258
431.3,0.16327,0.02414,0.81259
431.4,0.16320,0.02420,0.81260
431.5,0.16314,0.02425,0.81261
431.6,0.16307,0.02431,0.81262
431.7,0.16301,0.02436,0.81263
431.8,0.16294,0.02442,0.81264
431.9,0.16287,0.02447,0.81265
432.0,0.16280,0.02453,0.81267
432.1,0.16274,0.02459,0.81268
432.2,0.16267,0.02465,0.81269
432.3,0.16260,0.02470,0.81270
432.4,0.16253,0.02476,0.81271
432.5,0.16246,0.02482,0.81272
432.6,0.16239,0.02488,0.81273
432.7,0.16232,0.02494,0.81274
432.8,0.16225,0.02500,0.81275
432.9,0.16219,0.02506,0.81275
433.0,0.16212,0.02512,0.81276
433.1,0.16205,0.02518,0.81277
433.2,0.16198,0.02524,0.81278
433.3,0.16191,0.02530,0.81279
433.4,0.16184,0.02536,0.81280
433.5,0.16177,0.02542,0.81281
433.6,0.16170,0.02548,0.81282
433.7,0.16163,0.02554,0.81283
433.8,0.16156,0.02560,0.81284
433.9,0.16149,0.02566,0.81285
434.0,0.16142,0.02572,0.81285
434.1,0.16135,0.02579,0.81286
434.2,0.16128,0.02585,0.81287
434.3,0.16121,0.02591,0.81288
434.4,0.16114,0.02597,0.81289
434.5,0.16108,0.02603,0.81290
434.6,0.16101,0.02609,0.81291
434.7,0.16094,0.02614,0.81291
434.8,0.16087,0.02620,0.81292
434.9,0.16081,0.02626,0.81293
435.0,0.16074,0.02632,0.81294
435.1,0.16068,0.02638,0.81295
435.2,0.16061,0.02644,0.81295
435.3,0.16054,0.02649,0.81296
435.4,0.16048,0.02655,0.81297
435.5,0.16042,0.02661,0.81298
435.6,0.16035,0.02667,0.81298
435.7,0.16029,0.02672,0.81299
435.8,0.16023,0.02678,0.81300
435.9,0.16016,0.02683,0.81300
436.0,0.16010,0.02689,0.81301
436.1,0.16004,0.02695,0.81302
436.2,0.15998,0.02700,0.81302
436.3,0.15992,0.02706,0.81303
436.4,0.15985,0.02711,0.81303
436.5,0.15979,0.02717,0.81304
436.6,0.15973,0.02722,0.81304
436.7,0.15967,0.02728,0.81305
436.8,0.15961,0.02733,0.81305
436.9,0.15955,0.02739,0.81306
437.0,0.15949,0.02744,0.81306
437.1,0.15943,0.02750,0.81307
437.2,0.15937,0.02755,0.81307
437.3,0.15931,0.02761,0.81308
437.4,0.15925,0.02767,0.81308
437.5,0.15920,0.02772,0.81308
437.6,0.15914,0.02778,0.81309
437.7,0.15908,0.02783,0.81309
437.8,0.15902,0.02789,0.81309
437.9,0.15896,0.02795,0.81309
438.0,0.15890,0.02800,0.81309
438.1,0.15884,0.02806,0.81310
438.2,0.15878,0.02812,0.81310
438.3,0.15872,0.02818,0.81310
438.4,0.15867,0.02824,0.81310
438.5,0.15861,0.02830,0.81310
438.6,0.15855,0.02836,0.81310
438.7,0.15849,0.02842,0.81310
438.8,0.15843,0.02848,0.81310
438.9,0.15837,0.02854,0.81310
439.0,0.15831,0.02860,0.81309
439.1,0.15825,0.02866,0.81309
439.2,0.15819,0.02872,0.81309
439.3,0.15813,0.02879,0.81309
439.4,0.15806,0.02885,0.81309
439.5,0.15800,0.02891,0.81308
439.6,0.15794,0.02898,0.81308
439.7,0.15788,0.02905,0.81307
439.8,0.15782,0.02911,0.81307
439.9,0.15775,0.02918,0.81307
440.0,0.15769,0.02925,0.81306
440.1,0.15762,0.02932,0.81306
440.2,0.15756,0.02939,0.81305
440.3,0.15749,0.02946,0.81304
440.4,0.15743,0.02953,0.81304
440.5,0.15736,0.02961,0.81303
440.6,0.15730,0.02968,0.81302
440.7,0.15723,0.02975,0.81302
440.8,0.15716,0.02983,0.81301
440.9,0.15709,0.02991,0.81300
441.0,0.15703,0.02998,0.81299
441.1,0.15696,0.03006,0.81298
441.2,0.15689,0.03014,0.81297
441.3,0.15682,0.03022,0.81296
441.4,0.15675,0.03030,0.81295
441.5,0.15668,0.03038,0.81294
441.6,0.15661,0.03046,0.81293
441.7,0.15653,0.03054,0.81292
441.8,0.15646,0.03063,0.81291
441.9,0.15639,0.03071,0.81290
442.0,0.15632,0.03080,0.81289
442.1,0.15624,0.03088,0.81287
442.2,0.15617,0.03097,0.81286
442.3,0.15610,0.03105,0.81285
442.4,0.15602,0.03114,0.81284
442.5,0.15595,0.03123,0.81282
442.6,0.15587,0.03132,0.81281
442.7,0.15580,0.03141,0.81280
442.8,0.15572,0.03150,0.81278
442.9,0.15565,0.03159,0.81277
443.0,0.15557,0.03168,0.81275
443.1,0.15549,0.03177,0.81274
443.2,0.15542,0.03186,0.81272
443.3,0.15534,0.03195,0.81271
443.4,0.15526,0.03205,0.81269
443.5,0.15519,0.03214,0.81267
443.6,0.15511,0.03224,0.81266
443.7,0.15503,0.03233,0.81264
443.8,0.15495,0.03243,0.81262
443.9,0.15487,0.03252,0.81261
444.0,0.15479,0.03262,0.81259
444.1,0.15472,0.03271,0.81257
444.2,0.15464,0.03281,0.81255
444.3,0.15456,0.03291,0.81253
444.4,0.15448,0.03301,0.81252
444.5,0.15440,0.03310,0.81250
444.6,0.15432,0.03320,0.81248
444.7,0.15424,0.03330,0.81246
444.8,0.15416,0.03340,0.81244
444.9,0.15408,0.03350,0.81242
445.0,0.15400,0.03360,0.81240
445.1,0.15392,0.03370,0.81238
445.2,0.15384,0.03380,0.81236
445.3,0.15376,0.03390,0.81234
445.4,0.15368,0.03401,0.81232
445.5,0.15360,0.03411,0.81229
445.6,0.15352,0.03421,0.81227
445.7,0.15344,0.03431,0.81225
445.8,0.15336,0.03442,0.81223
445.9,0.15328,0.03452,0.81220
446.0,0.15320,0.03462,0.81218
446.1,0.15311,0.03473,0.81216
446.2,0.15303,0.03483,0.81213
446.3,0.15295,0.03494,0.81211
446.4,0.15287,0.03505,0.81208
446.5,0.15279,0.03515,0.81206
446.6,0.15271,0.03526,0.81203
446.7,0.15263,0.03537,0.81200
446.8,0.15254,0.03548,0.81198
446.9,0.15246,0.03559,0.81195
447.0,0.15238,0.03570,0.81192
447.1,0.15230,0.03581,0.81189
447.2,0.15221,0.03593,0.81186
447.3,0.15213,0.03604,0.81183
447.4,0.15205,0.03615,0.81180
447.5,0.15197,0.03627,0.81176
447.6,0.15188,0.03639,0.81173
447.7,0.15180,0.03650,0.81170
447.8,0.15171,0.03662,0.81166
447.9,0.15163,0.03674,0.81163
448.0,0.15154,0.03686,0.81159
448.1,0.15146,0.03699,0.81155
448.2,0.15137,0.03711,0.81152
448.3,0.15129,0.03723,0.81148
448.4,0.15120,0.03736,0.81144
448.5,0.15112,0.03749,0.81140
448.6,0.15103,0.03762,0.81135
448.7,0.15094,0.03775,0.81131
448.8,0.15086,0.03788,0.81127
448.9,0.15077,0.03801,0.81122
449.0,0.15068,0.03814,0.81118
449.1,0.15059,0.03828,0.81113
449.2,0.15050,0.03842,0.81108
449.3,0.15041,0.03856,0.81103
449.4,0.15032,0.03870,0.81098
449.5,0.15023,0.03884,0.81093
449.6,0.15014,0.03898,0.81088
449.7,0.15005,0.03913,0.81082
449.8,0.14996,0.03928,0.81077
449.9,0.14987,0.03943,0.81071
450.0,0.14977,0.03958,0.81065
450.1,0.14968,0.03973,0.81059
450.2,0.14959,0.03988,0.81053
450.3,0.14949,0.04004,0.81047
450.4,0.14940,0.04020,0.81040
450.5,0.14930,0.04036,0.81034
450.6,0.14921,0.04052,0.81027
450.7,0.14911,0.04069,0.81020
450.8,0.14901,0.04086,0.81013
450.9,0.14891,0.04102,0.81006
451.0,0.14882,0.04119,0.80999
451.1,0.14872,0.04137,0.80992
451.2,0.14862,0.04154,0.80984
451.3,0.14852,0.04172,0.80977
451.4,0.14841,0.04189,0.80969
451.5,0.14831,0.04207,0.80961
451.6,0.14821,0.04226,0.80953
451.7,0.14811,0.04244,0.80945
451.8,0.14800,0.04262,0.80937
451.9,0.14790,0.04281,0.80929
452.0,0.14779,0.04300,0.80921
452.1,0.14769,0.04319,0.80912
452.2,0.14758,0.04339,0.80904
452.3,0.14747,0.04358,0.80895
452.4,0.14736,0.04378,0.80886
452.5,0.14725,0.04397,0.80877
452.6,0.14714,0.04417,0.80868
452.7,0.14703,0.04438,0.80859
452.8,0.14692,0.04458,0.80850
452.9,0.14681,0.04479,0.80840
453.0,0.14670,0.04499,0.80831
453.1,0.14658,0.04520,0.80822
453.2,0.14647,0.04541,0.80812
453.3,0.14635,0.04563,0.80802
453.4,0.14623,0.04584,0.80793
453.5,0.14611,0.04606,0.80783
453.6,0.14600,0.04628,0.80773
453.7,0.14588,0.04650,0.80763
453.8,0.14576,0.04672,0.80753
453.9,0.14563,0.04694,0.80743
454.0,0.14551,0.04717,0.80732
454.1,0.14539,0.04739,0.80722
454.2,0.14526,0.04762,0.80712
454.3,0.14514,0.04785,0.80701
454.4,0.14501,0.04808,0.80691
454.5,0.14488,0.04832,0.80680
454.6,0.14475,0.04855,0.80669
454.7,0.14462,0.04879,0.80659
454.8,0.14449,0.04903,0.80648
454.9,0.14436,0.04927,0.80637
455.0,0.14423,0.04951,0.80626
455.1,0.14409,0.04975,0.80615
455.2,0.14396,0.05000,0.80604
455.3,0.14382,0.05025,0.80593
455.4,0.14368,0.05050,0.80582
455.5,0.14354,0.05075,0.80571
455.6,0.14340,0.05100,0.80560
455.7,0.14326,0.05125,0.80549
455.8,0.14312,0.05151,0.80538
455.9,0.14297,0.05176,0.80526
456.0,0.14283,0.05202,0.80515
456.1,0.14268,0.05228,0.80503
456.2,0.14254,0.05255,0.80492
456.3,0.14239,0.05281,0.80480
456.4,0.14224,0.05308,0.80469
456.5,0.14209,0.05334,0.80457
456.6,0.14194,0.05361,0.80445
456.7,0.14178,0.05389,0.80433
456.8,0.14163,0.05416,0.80421
456.9,0.14148,0.05443,0.80409
457.0,0.14132,0.05471,0.80397
457.1,0.14117,0.05499,0.80384
457.2,0.14101,0.05527,0.80372
457.3,0.14085,0.05555,0.80360
457.4,0.14069,0.05584,0.80347
457.5,0.14053,0.05613,0.80334
457.6,0.14037,0.05642,0.80322
457.7,0.14021,0.05671,0.80309
457.8,0.14004,0.05700,0.80296
457.9,0.13988,0.05729,0.80283
458.0,0.13972,0.05759,0.80269
458.1,0.13955,0.05789,0.80256
458.2,0.13938,0.05819,0.80243
458.3,0.13922,0.05849,0.80229
458.4,0.13905,0.05880,0.80215
458.5,0.13888,0.05911,0.80202
458.6,0.13871,0.05941,0.80188
458.7,0.13854,0.05973,0.80173
458.8,0.13837,0.06004,0.80159
458.9,0.13820,0.06036,0.80145
459.0,0.13802,0.06067,0.80130
459.1,0.13785,0.06099,0.80116
459.2,0.13768,0.06132,0.80101
459.3,0.13750,0.06164,0.80086
459.4,0.13733,0.06197,0.80071
459.5,0.13715,0.06230,0.80055
459.6,0.13698,0.06263,0.80040
459.7,0.13680,0.06296,0.80024
459.8,0.13662,0.06330,0.80008
459.9,0.13644,0.06363,0.79992
460.0,0.13627,0.06397,0.79976
460.1,0.13609,0.06432,0.79960
460.2,0.13591,0.06466,0.79943
460.3,0.13573,0.06501,0.79926
460.4,0.13555,0.06536,0.79909
460.5,0.13537,0.06571,0.79892
460.6,0.13519,0.06606,0.79875
460.7,0.13500,0.06642,0.79857
460.8,0.13482,0.06678,0.79840
460.9,0.13464,0.06714,0.79822
461.0,0.13446,0.06751,0.79803
461.1,0.13427,0.06788,0.79785
461.2,0.13409,0.06825,0.79767
461.3,0.13390,0.06862,0.79748
461.4,0.13372,0.06900,0.79729
461.5,0.13353,0.06938,0.79710
461.6,0.13334,0.06976,0.79690
461.7,0.13315,0.07014,0.79670
461.8,0.13296,0.07053,0.79651
461.9,0.13277,0.07092,0.79630
462.0,0.13258,0.07132,0.79610
462.1,0.13239,0.07171,0.79590
462.2,0.13220,0.07211,0.79569
462.3,0.13201,0.07252,0.79548
462.4,0.13181,0.07292,0.79527
462.5,0.13162,0.07333,0.79505
462.6,0.13142,0.07375,0.79483
462.7,0.13122,0.07416,0.79461
462.8,0.13102,0.07458,0.79439
462.9,0.13083,0.07501,0.79417
463.0,0.13062,0.07543,0.79394
463.1,0.13042,0.07587,0.79371
463.2,0.13022,0.07630,0.79348
463.3,0.13002,0.07674,0.79324
463.4,0.12981,0.07718,0.79301
463.5,0.12961,0.07763,0.79277
463.6,0.12940,0.07808,0.79253
463.7,0.12919,0.07853,0.79228
463.8,0.12898,0.07899,0.79203
463.9,0.12877,0.07945,0.79178
464.0,0.12855,0.07992,0.79153
464.1,0.12834,0.08039,0.79127
464.2,0.12812,0.08086,0.79101
464.3,0.12791,0.08134,0.79075
464.4,0.12769,0.08182,0.79049
464.5,0.12747,0.08231,0.79022
464.6,0.12724,0.08280,0.78995
464.7,0.12702,0.08330,0.78968
464.8,0.12679,0.08380,0.78940
464.9,0.12657,0.08431,0.78913
465.0,0.12634,0.08482,0.78884
465.1,0.12611,0.08533,0.78856
465.2,0.12587,0.08585,0.78827
465.3,0.12564,0.08638,0.78798
465.4,0.12540,0.08691,0.78769
465.5,0.12517,0.08745,0.78739
465.6,0.12493,0.08799,0.78709
465.7,0.12468,0.08853,0.78678
465.8,0.12444,0.08908,0.78648
465.9,0.12419,0.08964,0.78617
466.0,0.12395,0.09020,0.78585
466.1,0.12370,0.09077,0.78554
466.2,0.12344,0.09134,0.78522
466.3,0.12319,0.09192,0.78489
466.4,0.12294,0.09250,0.78456
466.5,0.12268,0.09309,0.78423
466.6,0.12242,0.09368,0.78390
466.7,0.12216,0.09428,0.78356
466.8,0.12190,0.09488,0.78322
466.9,0.12163,0.09550,0.78287
467.0,0.12137,0.09611,0.78252
467.1,0.12110,0.09673,0.78217
467.2,0.12083,0.09736,0.78181
467.3,0.12055,0.09799,0.78145
467.4,0.12028,0.09863,0.78109
467.5,0.12000,0.09928,0.78072
467.6,0.11972,0.09993,0.78034
467.7,0.11944,0.10059,0.77997
467.8,0.11916,0.10125,0.77959
467.9,0.11888,0.10192,0.77920
468.0,0.11859,0.10260,0.77881
468.1,0.11830,0.10328,0.77842
468.2,0.11801,0.10397,0.77802
468.3,0.11772,0.10466,0.77761
468.4,0.11743,0.10536,0.77721
468.5,0.11713,0.10607,0.77679
468.6,0.11684,0.10679,0.77638
468.7,0.11654,0.10751,0.77596
468.8,0.11623,0.10824,0.77553
468.9,0.11593,0.10897,0.77510
469.0,0.11563,0.10971,0.77466
469.1,0.11532,0.11046,0.77422
469.2,0.11501,0.11121,0.77378
469.3,0.11470,0.11197,0.77333
469.4,0.11439,0.11274,0.77287
469.5,0.11407,0.11352,0.77241
469.6,0.11375,0.11430,0.77195
469.7,0.11344,0.11509,0.77147
469.8,0.11311,0.11589,0.77100
469.9,0.11279,0.11669,0.77052
470.0,0.11247,0.11750,0.77003
470.1,0.11214,0.11832,0.76954
470.2,0.11181,0.11915,0.76904
470.3,0.11148,0.11998,0.76854
470.4,0.11115,0.12082,0.76803
470.5,0.11082,0.12167,0.76751
470.6,0.11048,0.12253,0.76699
470.7,0.11014,0.12339,0.76647
470.8,0.10980,0.12426,0.76593
470.9,0.10946,0.12514,0.76540
471.0,0.10912,0.12603,0.76485
471.1,0.10877,0.12692,0.76430
471.2,0.10843,0.12783,0.76375
471.3,0.10808,0.12874,0.76318
471.4,0.10773,0.12966,0.76262
471.5,0.10737,0.13059,0.76204
471.6,0.10702,0.13152,0.76146
471.7,0.10666,0.13247,0.76088
471.8,0.10630,0.13342,0.76028
471.9,0.10594,0.13438,0.75968
472.0,0.10557,0.13535,0.75908
472.1,0.10521,0.13633,0.75846
472.2,0.10484,0.13731,0.75785
472.3,0.10447,0.13831,0.75722
472.4,0.10410,0.13931,0.75659
472.5,0.10372,0.14033,0.75595
472.6,0.10335,0.14135,0.75530
472.7,0.10297,0.14238,0.75465
472.8,0.10259,0.14342,0.75399
472.9,0.10221,0.14447,0.75333
473.0,0.10182,0.14553,0.75265
473.1,0.10143,0.14659,0.75197
473.2,0.10104,0.14767,0.75129
473.3,0.10065,0.14876,0.75059
473.4,0.10026,0.14985,0.74989
473.5,0.09986,0.15096,0.74918
473.6,0.09946,0.15207,0.74847
473.7,0.09906,0.15320,0.74774
473.8,0.09866,0.15433,0.74701
473.9,0.09825,0.15548,0.74627
474.0,0.09784,0.15663,0.74553
474.1,0.09743,0.15779,0.74477
474.2,0.09702,0.15897,0.74401
474.3,0.09660,0.16015,0.74325
474.4,0.09619,0.16135,0.74247
474.5,0.09577,0.16255,0.74168
474.6,0.09534,0.16376,0.74089
474.7,0.09492,0.16499,0.74009
474.8,0.09449,0.16622,0.73929
474.9,0.09406,0.16747,0.73847
475.0,0.09363,0.16873,0.73765
475.1,0.09319,0.16999,0.73681
475.2,0.09275,0.17127,0.73597
475.3,0.09231,0.17256,0.73513
475.4,0.09187,0.17386,0.73427
475.5,0.09143,0.17517,0.73340
475.6,0.09098,0.17649,0.73253
475.7,0.09053,0.17782,0.73165
475.8,0.09008,0.17916,0.73076
475.9,0.08962,0.18052,0.72986
476.0,0.08916,0.18188,0.72896
476.1,0.08870,0.18325,0.72804
476.2,0.08824,0.18464,0.72712
476.3,0.08778,0.18603,0.72619
476.4,0.08731,0.18744,0.72525
476.5,0.08684,0.18885,0.72430
476.6,0.08637,0.19028,0.72335
476.7,0.08590,0.19172,0.72238
476.8,0.08542,0.19317,0.72141
476.9,0.08495,0.19463,0.72043
477.0,0.08447,0.19609,0.71944
477.1,0.08399,0.19757,0.71844
477.2,0.08350,0.19906,0.71743
477.3,0.08302,0.20056,0.71642
477.4,0.08253,0.20207,0.71540
477.5,0.08204,0.20359,0.71436
477.6,0.08155,0.20512,0.71332
477.7,0.08106,0.20667,0.71228
477.8,0.08056,0.20822,0.71122
477.9,0.08007,0.20978,0.71016
478.0,0.07957,0.21135,0.70908
478.1,0.07907,0.21293,0.70800
478.2,0.07857,0.21452,0.70691
478.3,0.07806,0.21612,0.70581
478.4,0.07756,0.21773,0.70471
478.5,0.07705,0.21935,0.70359
478.6,0.07654,0.22098,0.70247
478.7,0.07603,0.22262,0.70134
478.8,0.07552,0.22427,0.70020
478.9,0.07501,0.22593,0.69906
479.0,0.07450,0.22760,0.69790
479.1,0.07398,0.22928,0.69674
479.2,0.07346,0.23097,0.69557
479.3,0.07295,0.23266,0.69439
479.4,0.07243,0.23437,0.69321
479.5,0.07191,0.23608,0.69201
479.6,0.07139,0.23780,0.69081
479.7,0.07087,0.23953,0.68960
479.8,0.07034,0.24127,0.68838
479.9,0.06982,0.24302,0.68716
480.0,0.06929,0.24478,0.68593
480.1,0.06877,0.24654,0.68469
480.2,0.06824,0.24832,0.68344
480.3,0.06771,0.25010,0.68219
480.4,0.06718,0.25189,0.68093
480.5,0.06666,0.25369,0.67966
480.6,0.06613,0.25549,0.67838
480.7,0.06559,0.25731,0.67710
480.8,0.06506,0.25913,0.67580
480.9,0.06453,0.26097,0.67450
481.0,0.06400,0.26281,0.67319
481.1,0.06346,0.26466,0.67188
481.2,0.06293,0.26652,0.67055
481.3,0.06239,0.26839,0.66922
481.4,0.06186,0.27026,0.66788
481.5,0.06132,0.27215,0.66653
481.6,0.06079,0.27404,0.66517
481.7,0.06025,0.27594,0.66381
481.8,0.05971,0.27785,0.66243
481.9,0.05917,0.27978,0.66105
482.0,0.05863,0.28170,0.65966
482.1,0.05809,0.28364,0.65826
482.2,0.05755,0.28559,0.65685
482.3,0.05701,0.28755,0.65544
482.4,0.05647,0.28951,0.65401
482.5,0.05593,0.29149,0.65258
482.6,0.05539,0.29347,0.65114
482.7,0.05485,0.29546,0.64969
482.8,0.05431,0.29746,0.64823
482.9,0.05377,0.29948,0.64676
483.0,0.05323,0.30150,0.64528
483.1,0.05268,0.30353,0.64379
483.2,0.05214,0.30556,0.64229
483.3,0.05160,0.30761,0.64079
483.4,0.05106,0.30967,0.63927
483.5,0.05052,0.31174,0.63775
483.6,0.04998,0.31381,0.63621
483.7,0.04943,0.31590,0.63467
483.8,0.04889,0.31799,0.63312
483.9,0.04835,0.32010,0.63155
484.0,0.04781,0.32221,0.62998
484.1,0.04727,0.32433,0.62840
484.2,0.04673,0.32646,0.62681
484.3,0.04619,0.32861,0.62520
484.4,0.04565,0.33076,0.62359
484.5,0.04511,0.33292,0.62197
484.6,0.04457,0.33509,0.62034
484.7,0.04404,0.33727,0.61870
484.8,0.04350,0.33945,0.61705
484.9,0.04296,0.34165,0.61538
485.0,0.04243,0.34386,0.61371
485.1,0.04190,0.34608,0.61203
485.2,0.04136,0.34830,0.61033
485.3,0.04083,0.35054,0.60863
485.4,0.04030,0.35278,0.60692
485.5,0.03977,0.35504,0.60519
485.6,0.03924,0.35730,0.60346
485.7,0.03871,0.35957,0.60172
485.8,0.03819,0.36185,0.59996
485.9,0.03766,0.36414,0.59820
486.0,0.03714,0.36644,0.59642
486.1,0.03662,0.36874,0.59464
486.2,0.03610,0.37105,0.59285
486.3,0.03558,0.37337,0.59105
486.4,0.03506,0.37570,0.58923
486.5,0.03455,0.37804,0.58741
486.6,0.03404,0.38038,0.58558
486.7,0.03353,0.38273,0.58374
486.8,0.03302,0.38509,0.58189
486.9,0.03251,0.38745,0.58003
487.0,0.03201,0.38982,0.57817
487.1,0.03151,0.39220,0.57629
487.2,0.03101,0.39459,0.57441
487.3,0.03051,0.39698,0.57251
487.4,0.03002,0.39937,0.57061
487.5,0.02952,0.40178,0.56870
487.6,0.02904,0.40418,0.56678
487.7,0.02855,0.40660,0.56485
487.8,0.02807,0.40902,0.56292
487.9,0.02758,0.41144,0.56097
488.0,0.02711,0.41387,0.55902
488.1,0.02663,0.41631,0.55706
488.2,0.02616,0.41875,0.55509
488.3,0.02569,0.42119,0.55312
488.4,0.02523,0.42364,0.55114
488.5,0.02476,0.42609,0.54915
488.6,0.02430,0.42855,0.54715
488.7,0.02385,0.43101,0.54515
488.8,0.02340,0.43347,0.54314
488.9,0.02295,0.43594,0.54112
489.0,0.02250,0.43840,0.53909
489.1,0.02206,0.44088,0.53706
489.2,0.02162,0.44335,0.53502
489.3,0.02119,0.44583,0.53298
489.4,0.02076,0.44831,0.53093
489.5,0.02033,0.45079,0.52887
489.6,0.01991,0.45328,0.52681
489.7,0.01949,0.45577,0.52475
489.8,0.01907,0.45825,0.52267
489.9,0.01866,0.46074,0.52059
490.0,0.01826,0.46323,0.51851
490.1,0.01785,0.46572,0.51642
490.2,0.01746,0.46822,0.51433
490.3,0.01706,0.47071,0.51223
490.4,0.01667,0.47320,0.51012
490.5,0.01629,0.47570,0.50802
490.6,0.01591,0.47819,0.50590
490.7,0.01553,0.48068,0.50379
490.8,0.01516,0.48318,0.50166
490.9,0.01479,0.48567,0.49954
491.0,0.01443,0.48816,0.49741
491.1,0.01408,0.49065,0.49527
491.2,0.01372,0.49314,0.49313
491.3,0.01338,0.49563,0.49099
491.4,0.01304,0.49812,0.48884
491.5,0.01270,0.50061,0.48669
491.6,0.01237,0.50309,0.48454
491.7,0.01204,0.50558,0.48238
491.8,0.01172,0.50806,0.48022
491.9,0.01141,0.51054,0.47806
492.0,0.01110,0.51301,0.47589
492.1,0.01080,0.51549,0.47372
492.2,0.01050,0.51796,0.47154
492.3,0.01021,0.52043,0.46937
492.4,0.00992,0.52289,0.46719
492.5,0.00964,0.52535,0.46501
492.6,0.00937,0.52781,0.46282
492.7,0.00910,0.53026,0.46064
492.8,0.00884,0.53271,0.45845
492.9,0.00859,0.53516,0.45625
493.0,0.00834,0.53760,0.45406
493.1,0.00810,0.54004,0.45187
493.2,0.00786,0.54247,0.44967
493.3,0.00763,0.54490,0.44747
493.4,0.00741,0.54732,0.44527
493.5,0.00720,0.54973,0.44307
493.6,0.00699,0.55215,0.44086
493.7,0.00679,0.55455,0.43866
493.8,0.00660,0.55695,0.43645
493.9,0.00641,0.55934,0.43425
494.0,0.00623,0.56173,0.43204
494.1,0.00606,0.56411,0.42983
494.2,0.00590,0.56648,0.42762
494.3,0.00574,0.56885,0.42541
494.4,0.00559,0.57121,0.42320
494.5,0.00545,0.57356,0.42099
494.6,0.00532,0.57591,0.41878
494.7,0.00519,0.57824,0.41657
494.8,0.00507,0.58057,0.41435
494.9,0.00496,0.58289,0.41214
495.0,0.00486,0.58520,0.40993
495.1,0.00477,0.58751,0.40772
495.2,0.00468,0.58980,0.40551
495.3,0.00461,0.59209,0.40330
495.4,0.00454,0.59437,0.40110
495.5,0.00447,0.59664,0.39889
495.6,0.00442,0.59890,0.39668
495.7,0.00437,0.60115,0.39447
495.8,0.00434,0.60340,0.39227
495.9,0.00430,0.60564,0.39006
496.0,0.00428,0.60787,0.38785
496.1,0.00426,0.61009,0.38565
496.2,0.00425,0.61230,0.38345
496.3,0.00425,0.61451,0.38124
496.4,0.00426,0.61670,0.37904
496.5,0.00427,0.61889,0.37684
496.6,0.00429,0.62108,0.37464
496.7,0.00431,0.62325,0.37244
496.8,0.00434,0.62542,0.37024
496.9,0.00438,0.62758,0.36804
497.0,0.00443,0.62973,0.36584
497.1,0.00448,0.63188,0.36365
497.2,0.00453,0.63402,0.36145
497.3,0.00460,0.63615,0.35926
497.4,0.00466,0.63827,0.35706
497.5,0.00474,0.64039,0.35487
497.6,0.00482,0.64250,0.35268
497.7,0.00491,0.64460,0.35049
497.8,0.00500,0.64670,0.34830
497.9,0.00509,0.64879,0.34612
498.0,0.00520,0.65087,0.34393
498.1,0.00530,0.65295,0.34174
498.2,0.00542,0.65502,0.33956
498.3,0.00553,0.65709,0.33738
498.4,0.00566,0.65915,0.33520
498.5,0.00578,0.66120,0.33302
498.6,0.00591,0.66325,0.33084
498.7,0.00605,0.66529,0.32866
498.8,0.00619,0.66732,0.32649
498.9,0.00634,0.66935,0.32431
499.0,0.00648,0.67137,0.32214
499.1,0.00664,0.67339,0.31997
499.2,0.00679,0.67540,0.31780
499.3,0.00695,0.67741,0.31564
499.4,0.00712,0.67941,0.31347
499.5,0.00729,0.68140,0.31131
499.6,0.00746,0.68340,0.30915
499.7,0.00763,0.68538,0.30699
499.8,0.00781,0.68736,0.30483
499.9,0.00799,0.68933,0.30268
500.0,0.00817,0.69130,0.30052
500.1,0.00836,0.69327,0.29837
500.2,0.00855,0.69523,0.29622
500.3,0.00874,0.69718,0.29408
500.4,0.00894,0.69913,0.29193
500.5,0.00913,0.70108,0.28979
500.6,0.00934,0.70301,0.28765
500.7,0.00954,0.70495,0.28551
500.8,0.00975,0.70687,0.28338
500.9,0.00996,0.70879,0.28125
501.0,0.01017,0.71070,0.27912
501.1,0.01039,0.71261,0.27700
501.2,0.01061,0.71451,0.27488
501.3,0.01084,0.71640,0.27276
501.4,0.01106,0.71828,0.27065
501.5,0.01130,0.72016,0.26854
501.6,0.01153,0.72203,0.26644
501.7,0.01177,0.72389,0.26434
501.8,0.01201,0.72575,0.26224
501.9,0.01226,0.72759,0.26015
502.0,0.01251,0.72943,0.25806
502.1,0.01277,0.73126,0.25597
502.2,0.01303,0.73308,0.25390
502.3,0.01329,0.73489,0.25182
502.4,0.01356,0.73669,0.24975
502.5,0.01383,0.73848,0.24769
502.6,0.01410,0.74027,0.24563
502.7,0.01438,0.74204,0.24357
502.8,0.01467,0.74381,0.24153
502.9,0.01496,0.74556,0.23948
503.0,0.01525,0.74730,0.23744
503.1,0.01555,0.74904,0.23541
503.2,0.01585,0.75076,0.23339
503.3,0.01616,0.75247,0.23137
503.4,0.01648,0.75417,0.22935
503.5,0.01679,0.75586,0.22734
503.6,0.01712,0.75754,0.22534
503.7,0.01744,0.75921,0.22335
503.8,0.01778,0.76087,0.22136
503.9,0.01811,0.76251,0.21938
504.0,0.01846,0.76414,0.21740
504.1,0.01880,0.76576,0.21543
504.2,0.01916,0.76737,0.21347
504.3,0.01952,0.76897,0.21152
504.4,0.01988,0.77055,0.20957
504.5,0.02025,0.77212,0.20763
504.6,0.02062,0.77368,0.20570
504.7,0.02100,0.77522,0.20377
504.8,0.02139,0.77676,0.20185
504.9,0.02178,0.77827,0.19994
505.0,0.02218,0.77978,0.19804
505.1,0.02258,0.78127,0.19615
505.2,0.02299,0.78275,0.19426
505.3,0.02341,0.78421,0.19238
505.4,0.02383,0.78566,0.19051
505.5,0.02426,0.78709,0.18866
505.6,0.02469,0.78851,0.18681
505.7,0.02513,0.78991,0.18497
505.8,0.02557,0.79129,0.18313
505.9,0.02603,0.79266,0.18131
506.0,0.02648,0.79401,0.17951
506.1,0.02695,0.79534,0.17771
506.2,0.02742,0.79666,0.17592
506.3,0.02790,0.79796,0.17414
506.4,0.02838,0.79924,0.17238
506.5,0.02887,0.80050,0.17062
506.6,0.02937,0.80175,0.16888
506.7,0.02987,0.80297,0.16715
506.8,0.03038,0.80418,0.16544
506.9,0.03090,0.80536,0.16373
507.0,0.03143,0.80653,0.16204
507.1,0.03196,0.80768,0.16036
507.2,0.03249,0.80881,0.15870
507.3,0.03304,0.80992,0.15705
507.4,0.03359,0.81100,0.15541
507.5,0.03415,0.81207,0.15378
507.6,0.03471,0.81312,0.15217
507.7,0.03528,0.81414,0.15057
507.8,0.03586,0.81515,0.14899
507.9,0.03645,0.81613,0.14742
508.0,0.03704,0.81710,0.14587
508.1,0.03764,0.81804,0.14433
508.2,0.03824,0.81896,0.14280
508.3,0.03885,0.81986,0.14129
508.4,0.03947,0.82074,0.13979
508.5,0.04010,0.82159,0.13831
508.6,0.04073,0.82243,0.13684
508.7,0.04137,0.82324,0.13539
508.8,0.04202,0.82403,0.13395
508.9,0.04267,0.82480,0.13252
509.0,0.04333,0.82555,0.13111
509.1,0.04400,0.82628,0.12972
509.2,0.04467,0.82699,0.12834
509.3,0.04535,0.82767,0.12698
509.4,0.04604,0.82833,0.12563
509.5,0.04673,0.82897,0.12430
509.6,0.04743,0.82959,0.12298
509.7,0.04814,0.83019,0.12167
509.8,0.04885,0.83076,0.12039
509.9,0.04957,0.83132,0.11911
510.0,0.05030,0.83185,0.11785
510.1,0.05103,0.83236,0.11661
510.2,0.05177,0.83285,0.11538
510.3,0.05252,0.83331,0.11417
510.4,0.05327,0.83376,0.11297
510.5,0.05402,0.83419,0.11178
510.6,0.05479,0.83460,0.11061
510.7,0.05555,0.83499,0.10945
510.8,0.05633,0.83537,0.10831
510.9,0.05710,0.83572,0.10718
511.0,0.05788,0.83606,0.10606
511.1,0.05867,0.83638,0.10495
511.2,0.05946,0.83669,0.10386
511.3,0.06025,0.83697,0.10278
511.4,0.06104,0.83725,0.10171
511.5,0.06184,0.83751,0.10065
511.6,0.06265,0.83775,0.09961
511.7,0.06345,0.83798,0.09857
511.8,0.06426,0.83819,0.09755
511.9,0.06507,0.83840,0.09654
512.0,0.06588,0.83858,0.09554
512.1,0.06669,0.83876,0.09455
512.2,0.06751,0.83892,0.09357
512.3,0.06833,0.83908,0.09260
512.4,0.06915,0.83922,0.09164
512.5,0.06997,0.83935,0.09069
512.6,0.07079,0.83946,0.08975
512.7,0.07161,0.83957,0.08882
512.8,0.07243,0.83967,0.08790
512.9,0.07325,0.83976,0.08699
513.0,0.07408,0.83984,0.08609
513.1,0.07490,0.83991,0.08519
513.2,0.07572,0.83997,0.08431
513.3,0.07654,0.84002,0.08343
513.4,0.07737,0.84007,0.08257
513.5,0.07819,0.84010,0.08171
513.6,0.07901,0.84013,0.08086
513.7,0.07983,0.84015,0.08002
513.8,0.08064,0.84017,0.07918
513.9,0.08146,0.84018,0.07836
514.0,0.08228,0.84018,0.07754
514.1,0.08309,0.84018,0.07673
514.2,0.08390,0.84017,0.07593
514.3,0.08471,0.84016,0.07513
514.4,0.08552,0.84014,0.07435
514.5,0.08632,0.84011,0.07357
514.6,0.08712,0.84009,0.07279
514.7,0.08792,0.84005,0.07202
514.8,0.08872,0.84002,0.07127
514.9,0.08951,0.83998,0.07051
515.0,0.09030,0.83993,0.06977
515.1,0.09109,0.83989,0.06903
515.2,0.09187,0.83984,0.06829
515.3,0.09265,0.83978,0.06757
515.4,0.09343,0.83972,0.06685
515.5,0.09420,0.83966,0.06613
515.6,0.09498,0.83960,0.06542
515.7,0.09575,0.83953,0.06472
515.8,0.09651,0.83946,0.06403
515.9,0.09728,0.83938,0.06334
516.0,0.09804,0.83930,0.06266
516.1,0.09880,0.83921,0.06199
516.2,0.09956,0.83912,0.06132
516.3,0.10032,0.83903,0.06065
516.4,0.10107,0.83893,0.06000
516.5,0.10183,0.83882,0.05935
516.6,0.10258,0.83871,0.05871
516.7,0.10333,0.83860,0.05807
516.8,0.10408,0.83848,0.05744
516.9,0.10483,0.83836,0.05682
517.0,0.10558,0.83823,0.05620
517.1,0.10633,0.83809,0.05559
517.2,0.10707,0.83795,0.05498
517.3,0.10782,0.83780,0.05438
517.4,0.10857,0.83765,0.05379
517.5,0.10931,0.83749,0.05320
517.6,0.11006,0.83732,0.05262
517.7,0.11080,0.83715,0.05204
517.8,0.11155,0.83698,0.05147
517.9,0.11230,0.83679,0.05091
518.0,0.11304,0.83660,0.05035
518.1,0.11379,0.83641,0.04980
518.2,0.11454,0.83620,0.04926
518.3,0.11529,0.83599,0.04872
518.4,0.11604,0.83578,0.04818
518.5,0.11679,0.83556,0.04766
518.6,0.11754,0.83533,0.04713
518.7,0.11829,0.83509,0.04662
518.8,0.11905,0.83485,0.04611
518.9,0.11981,0.83459,0.04560
