390.0,0.16638,0.01830,0.81532
390.1,0.16638,0.01832,0.81531
390.2,0.16638,0.01833,0.81529
390.3,0.16637,0.01835,0.81528
390.4,0.16637,0.01837,0.81526
390.5,0.16637,0.01838,0.81525
390.6,0.16637,0.01840,0.81524
390.7,0.16636,0.01841,0.81523
390.8,0.16636,0.01843,0.81522
390.9,0.16635,0.01844,0.81520
391.0,0.16635,0.01846,0.81519
391.1,0.16635,0.01847,0.81519
391.2,0.16634,0.01848,0.81518
391.3,0.16634,0.01850,0.81517
391.4,0.16633,0.01851,0.81516
391.5,0.16632,0.01852,0.81516
391.6,0.16632,0.01853,0.81515
391.7,0.16631,0.01854,0.81514
391.8,0.16630,0.01856,0.81514
391.9,0.16630,0.01857,0.81513
392.0,0.16629,0.01858,0.81513
392.1,0.16628,0.01859,0.81513
392.2,0.16628,0.01860,0.81513
392.3,0.16627,0.01861,0.81512
392.4,0.16626,0.01862,0.81512
392.5,0.16625,0.01863,0.81512
392.6,0.16624,0.01864,0.81512
392.7,0.16623,0.01864,0.81512
392.8,0.16622,0.01865,0.81512
392.9,0.16621,0.01866,0.81513
393.0,0.16620,0.01867,0.81513
393.1,0.16619,0.01867,0.81513
393.2,0.16618,0.01868,0.81514
393.3,0.16617,0.01869,0.81514
393.4,0.16616,0.01869,0.81515
393.5,0.16615,0.01870,0.81515
393.6,0.16614,0.01870,0.81516
393.7,0.16613,0.01871,0.81516
393.8,0.16611,0.01871,0.81517
393.9,0.16610,0.01872,0.81518
394.0,0.16609,0.01872,0.81519
394.1,0.16608,0.01873,0.81520
394.2,0.16606,0.01873,0.81521
394.3,0.16605,0.01873,0.81522
394.4,0.16604,0.01873,0.81523
394.5,0.16602,0.01874,0.81524
394.6,0.16601,0.01874,0.81525
394.7,0.16600,0.01874,0.81527
394.8,0.16598,0.01874,0.81528
394.9,0.16597,0.01874,0.81529
395.0,0.16595,0.01874,0.81531
395.1,0.16594,0.01874,0.81532
395.2,0.16592,0.01874,0.81534
395.3,0.16591,0.01874,0.81535
395.4,0.16589,0.01874,0.81537
395.5,0.16587,0.01874,0.81539
395.6,0.16586,0.01874,0.81541
395.7,0.16584,0.01873,0.81543
395.8,0.16583,0.01873,0.81544
395.9,0.16581,0.01873,0.81546
396.0,0.16579,0.01872,0.81548
396.1,0.16578,0.01872,0.81551
396.2,0.16576,0.01872,0.81553
396.3,0.16574,0.01871,0.81555
396.4,0.16572,0.01871,0.81557
396.5,0.16571,0.01870,0.81559
396.6,0.16569,0.01869,0.81562
396.7,0.16567,0.01869,0.81564
396.8,0.16565,0.01868,0.81567
396.9,0.16563,0.01868,0.81569
397.0,0.16561,0.01867,0.81572
397.1,0.16560,0.01866,0.81574
397.2,0.16558,0.01865,0.81577
397.3,0.16556,0.01864,0.81580
397.4,0.16554,0.01863,0.81583
397.5,0.16552,0.01863,0.81586
397.6,0.16550,0.01862,0.81588
397.7,0.16548,0.01861,0.81591
397.8,0.16546,0.01860,0.81594
397.9,0.16544,0.01859,0.81597
398.0,0.16542,0.01857,0.81601
398.1,0.16540,0.01856,0.81604
398.2,0.16538,0.01855,0.81607
398.3,0.16536,0.01854,0.81610
398.4,0.16534,0.01853,0.81614
398.5,0.16532,0.01851,0.81617
398.6,0.16530,0.01850,0.81620
398.7,0.16528,0.01849,0.81624
398.8,0.16525,0.01847,0.81627
398.9,0.16523,0.01846,0.81631
399.0,0.16521,0.01844,0.81635
399.1,0.16519,0.01843,0.81638
399.2,0.16517,0.01841,0.81642
399.3,0.16515,0.01840,0.81646
399.4,0.16513,0.01838,0.81649
399.5,0.16510,0.01836,0.81653
399.6,0.16508,0.01834,0.81657
399.7,0.16506,0.01833,0.81661
399.8,0.16504,0.01831,0.81665
399.9,0.16502,0.01829,0.81669
400.0,0.16499,0.01827,0.81673
400.1,0.16497,0.01825,0.81677
400.2,0.16495,0.01823,0.81682
400.3,0.16493,0.01821,0.81686
400.4,0.16491,0.01819,0.81690
400.5,0.16488,0.01817,0.81694
400.6,0.16486,0.01815,0.81699
400.7,0.16484,0.01813,0.81703
400.8,0.16482,0.01811,0.81707
400.9,0.16479,0.01809,0.81712
401.0,0.16477,0.01807,0.81716
401.1,0.16475,0.01804,0.81721
401.2,0.16473,0.01802,0.81725
401.3,0.16470,0.01800,0.81730
401.4,0.16468,0.01798,0.81734
401.5,0.16466,0.01795,0.81739
401.6,0.16464,0.01793,0.81743
401.7,0.16461,0.01791,0.81748
401.8,0.16459,0.01789,0.81752
401.9,0.16457,0.01786,0.81757
402.0,0.16455,0.01784,0.81761
402.1,0.16452,0.01782,0.81766
402.2,0.16450,0.01779,0.81770
402.3,0.16448,0.01777,0.81775
402.4,0.16446,0.01775,0.81780
402.5,0.16444,0.01772,0.81784
402.6,0.16442,0.01770,0.81789
402.7,0.16439,0.01768,0.81793
402.8,0.16437,0.01765,0.81798
402.9,0.16435,0.01763,0.81802
403.0,0.16433,0.01761,0.81806
403.1,0.16431,0.01758,0.81811
403.2,0.16429,0.01756,0.81815
403.3,0.16427,0.01754,0.81820
403.4,0.16424,0.01752,0.81824
403.5,0.16422,0.01749,0.81828
403.6,0.16420,0.01747,0.81833
403.7,0.16418,0.01745,0.81837
403.8,0.16416,0.01743,0.81841
403.9,0.16414,0.01740,0.81845
404.0,0.16412,0.01738,0.81849
404.1,0.16410,0.01736,0.81854
404.2,0.16408,0.01734,0.81858
404.3,0.16406,0.01732,0.81862
404.4,0.16404,0.01730,0.81866
404.5,0.16402,0.01728,0.81870
404.6,0.16401,0.01726,0.81873
404.7,0.16399,0.01724,0.81877
404.8,0.16397,0.01722,0.81881
404.9,0.16395,0.01720,0.81885
405.0,0.16393,0.01718,0.81888
405.1,0.16391,0.01717,0.81892
405.2,0.16390,0.01715,0.81896
405.3,0.16388,0.01713,0.81899
405.4,0.16386,0.01711,0.81903
405.5,0.16384,0.01710,0.81906
405.6,0.16383,0.01708,0.81909
405.7,0.16381,0.01706,0.81913
405.8,0.16379,0.01705,0.81916
405.9,0.16378,0.01703,0.81919
406.0,0.16376,0.01702,0.81922
406.1,0.16374,0.01700,0.81925
406.2,0.16373,0.01699,0.81929
406.3,0.16371,0.01697,0.81932
406.4,0.16369,0.01696,0.81935
406.5,0.16367,0.01695,0.81938
406.6,0.16366,0.01693,0.81941
406.7,0.16364,0.01692,0.81944
406.8,0.16362,0.01691,0.81947
406.9,0.16361,0.01689,0.81950
407.0,0.16359,0.01688,0.81953
407.1,0.16357,0.01687,0.81956
407.2,0.16356,0.01685,0.81959
407.3,0.16354,0.01684,0.81962
407.4,0.16352,0.01683,0.81965
407.5,0.16350,0.01682,0.81968
407.6,0.16348,0.01680,0.81971
407.7,0.16347,0.01679,0.81974
407.8,0.16345,0.01678,0.81977
407.9,0.16343,0.01677,0.81980
408.0,0.16341,0.01676,0.81983
408.1,0.16339,0.01675,0.81986
408.2,0.16337,0.01673,0.81989
408.3,0.16335,0.01672,0.81993
408.4,0.16333,0.01671,0.81996
408.5,0.16331,0.01670,0.81999
408.6,0.16329,0.01669,0.82002
408.7,0.16327,0.01668,0.82005
408.8,0.16325,0.01667,0.82009
408.9,0.16323,0.01665,0.82012
409.0,0.16320,0.01664,0.82015
409.1,0.16318,0.01663,0.82019
409.2,0.16316,0.01662,0.82022
409.3,0.16314,0.01661,0.82026
409.4,0.16311,0.01660,0.82029
409.5,0.16309,0.01658,0.82033
409.6,0.16306,0.01657,0.82036
409.7,0.16304,0.01656,0.82040
409.8,0.16301,0.01655,0.82044
409.9,0.16298,0.01654,0.82048
410.0,0.16296,0.01653,0.82052
410.1,0.16293,0.01651,0.82056
410.2,0.16290,0.01650,0.82060
410.3,0.16287,0.01649,0.82064
410.4,0.16285,0.01648,0.82068
410.5,0.16282,0.01646,0.82072
410.6,0.16279,0.01645,0.82076
410.7,0.16276,0.01644,0.82081
410.8,0.16273,0.01642,0.82085
410.9,0.16269,0.01641,0.82089
411.0,0.16266,0.01640,0.82094
411.1,0.16263,0.01639,0.82098
411.2,0.16260,0.01637,0.82103
411.3,0.16257,0.01636,0.82107
411.4,0.16253,0.01635,0.82112
411.5,0.16250,0.01633,0.82117
411.6,0.16247,0.01632,0.82121
411.7,0.16243,0.01631,0.82126
411.8,0.16240,0.01629,0.82131
411.9,0.16237,0.01628,0.82135
412.0,0.16233,0.01627,0.82140
412.1,0.16230,0.01626,0.82145
412.2,0.16226,0.01624,0.82149
412.3,0.16223,0.01623,0.82154
412.4,0.16219,0.01622,0.82159
412.5,0.16216,0.01621,0.82164
412.6,0.16212,0.01619,0.82169
412.7,0.16209,0.01618,0.82173
412.8,0.16205,0.01617,0.82178
412.9,0.16201,0.01616,0.82183
413.0,0.16198,0.01614,0.82188
413.1,0.16194,0.01613,0.82193
413.2,0.16191,0.01612,0.82197
413.3,0.16187,0.01611,0.82202
413.4,0.16183,0.01610,0.82207
413.5,0.16180,0.01609,0.82212
413.6,0.16176,0.01607,0.82216
413.7,0.16173,0.01606,0.82221
413.8,0.16169,0.01605,0.82226
413.9,0.16165,0.01604,0.82230
414.0,0.16162,0.01603,0.82235
414.1,0.16158,0.01602,0.82240
414.2,0.16155,0.01601,0.82244
414.3,0.16151,0.01600,0.82249
414.4,0.16147,0.01599,0.82253
414.5,0.16144,0.01598,0.82258
414.6,0.16140,0.01597,0.82262
414.7,0.16137,0.01596,0.82267
414.8,0.16133,0.01596,0.82271
414.9,0.16130,0.01595,0.82275
415.0,0.16126,0.01594,0.82280
415.1,0.16123,0.01593,0.82284
415.2,0.16120,0.01592,0.82288
415.3,0.16116,0.01592,0.82292
415.4,0.16113,0.01591,0.82296
415.5,0.16109,0.01590,0.82300
415.6,0.16106,0.01590,0.82304
415.7,0.16103,0.01589,0.82308
415.8,0.16099,0.01588,0.82312
415.9,0.16096,0.01588,0.82316
416.0,0.16093,0.01587,0.82320
416.1,0.16089,0.01587,0.82324
416.2,0.16086,0.01586,0.82328
416.3,0.16083,0.01586,0.82331
416.4,0.16080,0.01585,0.82335
416.5,0.16076,0.01585,0.82339
416.6,0.16073,0.01585,0.82342
416.7,0.16070,0.01584,0.82346
416.8,0.16067,0.01584,0.82349
416.9,0.16063,0.01584,0.82353
417.0,0.16060,0.01583,0.82357
417.1,0.16057,0.01583,0.82360
417.2,0.16054,0.01583,0.82363
417.3,0.16050,0.01583,0.82367
417.4,0.16047,0.01583,0.82370
417.5,0.16044,0.01582,0.82374
417.6,0.16041,0.01582,0.82377
417.7,0.16037,0.01582,0.82380
417.8,0.16034,0.01582,0.82384
417.9,0.16031,0.01582,0.82387
418.0,0.16028,0.01582,0.82390
418.1,0.16024,0.01582,0.82393
418.2,0.16021,0.01582,0.82397
418.3,0.16018,0.01583,0.82400
418.4,0.16014,0.01583,0.82403
418.5,0.16011,0.01583,0.82406
418.6,0.16008,0.01583,0.82409
418.7,0.16004,0.01583,0.82412
418.8,0.16001,0.01584,0.82416
418.9,0.15997,0.01584,0.82419
419.0,0.15994,0.01584,0.82422
419.1,0.15990,0.01585,0.82425
419.2,0.15987,0.01585,0.82428
419.3,0.15983,0.01585,0.82431
419.4,0.15980,0.01586,0.82434
419.5,0.15976,0.01586,0.82437
419.6,0.15973,0.01587,0.82440
419.7,0.15969,0.01587,0.82443
419.8,0.15966,0.01588,0.82446
419.9,0.15962,0.01589,0.82450
420.0,0.15958,0.01589,0.82453
420.1,0.15954,0.01590,0.82456
420.2,0.15951,0.01591,0.82459
420.3,0.15947,0.01591,0.82462
420.4,0.15943,0.01592,0.82465
420.5,0.15939,0.01593,0.82468
420.6,0.15935,0.01594,0.82471
420.7,0.15931,0.01595,0.82474
420.8,0.15927,0.01596,0.82477
420.9,0.15924,0.01596,0.82480
421.0,0.15920,0.01597,0.82483
421.1,0.15916,0.01598,0.82486
421.2,0.15911,0.01599,0.82489
421.3,0.15907,0.01600,0.82492
421.4,0.15903,0.01601,0.82495
421.5,0.15899,0.01602,0.82498
421.6,0.15895,0.01604,0.82501
421.7,0.15891,0.01605,0.82504
421.8,0.15887,0.01606,0.82507
421.9,0.15883,0.01607,0.82510
422.0,0.15879,0.01608,0.82513
422.1,0.15874,0.01609,0.82516
422.2,0.15870,0.01611,0.82519
422.3,0.15866,0.01612,0.82522
422.4,0.15862,0.01613,0.82525
422.5,0.15857,0.01615,0.82528
422.6,0.15853,0.01616,0.82531
422.7,0.15849,0.01617,0.82534
422.8,0.15845,0.01619,0.82537
422.9,0.15840,0.01620,0.82540
423.0,0.15836,0.01622,0.82542
423.1,0.15832,0.01623,0.82545
423.2,0.15827,0.01624,0.82548
423.3,0.15823,0.01626,0.82551
423.4,0.15819,0.01627,0.82554
423.5,0.15814,0.01629,0.82557
423.6,0.15810,0.01630,0.82559
423.7,0.15806,0.01632,0.82562
423.8,0.15802,0.01634,0.82565
423.9,0.15797,0.01635,0.82568
424.0,0.15793,0.01637,0.82570
424.1,0.15789,0.01638,0.82573
424.2,0.15784,0.01640,0.82576
424.3,0.15780,0.01642,0.82578
424.4,0.15776,0.01643,0.82581
424.5,0.15771,0.01645,0.82584
424.6,0.15767,0.01646,0.82586
424.7,0.15763,0.01648,0.82589
424.8,0.15759,0.01650,0.82591
424.9,0.15755,0.01652,0.82594
425.0,0.15750,0.01653,0.82596
425.1,0.15746,0.01655,0.82599
425.2,0.15742,0.01657,0.82601
425.3,0.15738,0.01658,0.82604
425.4,0.15734,0.01660,0.82606
425.5,0.15730,0.01662,0.82609
425.6,0.15725,0.01664,0.82611
425.7,0.15721,0.01665,0.82613
425.8,0.15717,0.01667,0.82615
425.9,0.15713,0.01669,0.82618
426.0,0.15709,0.01671,0.82620
426.1,0.15705,0.01673,0.82622
426.2,0.15701,0.01675,0.82624
426.3,0.15697,0.01677,0.82627
426.4,0.15693,0.01678,0.82629
426.5,0.15689,0.01680,0.82631
426.6,0.15685,0.01682,0.82633
426.7,0.15681,0.01684,0.82635
426.8,0.15677,0.01686,0.82637
426.9,0.15673,0.01688,0.82639
427.0,0.15669,0.01690,0.82641
427.1,0.15665,0.01692,0.82643
427.2,0.15661,0.01694,0.82645
427.3,0.15657,0.01697,0.82647
427.4,0.15652,0.01699,0.82649
427.5,0.15648,0.01701,0.82651
427.6,0.15644,0.01703,0.82653
427.7,0.15640,0.01705,0.82654
427.8,0.15636,0.01708,0.82656
427.9,0.15632,0.01710,0.82658
428.0,0.15628,0.01712,0.82660
428.1,0.15624,0.01715,0.82662
428.2,0.15620,0.01717,0.82663
428.3,0.15615,0.01719,0.82665
428.4,0.15611,0.01722,0.82667
428.5,0.15607,0.01724,0.82669
428.6,0.15603,0.01727,0.82670
428.7,0.15599,0.01730,0.82672
428.8,0.15594,0.01732,0.82674
428.9,0.15590,0.01735,0.82675
429.0,0.15586,0.01738,0.82677
429.1,0.15581,0.01740,0.82678
429.2,0.15577,0.01743,0.82680
429.3,0.15572,0.01746,0.82681
429.4,0.15568,0.01749,0.82683
429.5,0.15563,0.01752,0.82685
429.6,0.15559,0.01755,0.82686
429.7,0.15554,0.01758,0.82688
429.8,0.15550,0.01761,0.82689
429.9,0.15545,0.01764,0.82691
430.0,0.15540,0.01767,0.82692
430.1,0.15536,0.01771,0.82694
430.2,0.15531,0.01774,0.82695
430.3,0.15526,0.01777,0.82696
430.4,0.15521,0.01781,0.82698
430.5,0.15516,0.01784,0.82699
430.6,0.15511,0.01788,0.82701
430.7,0.15506,0.01791,0.82702
430.8,0.15501,0.01795,0.82704
430.9,0.15496,0.01799,0.82705
431.0,0.15491,0.01802,0.82706
431.1,0.15486,0.01806,0.82708
431.2,0.15481,0.01810,0.82709
431.3,0.15476,0.01814,0.82710
431.4,0.15471,0.01818,0.82712
431.5,0.15465,0.01822,0.82713
431.6,0.15460,0.01825,0.82714
431.7,0.15455,0.01829,0.82716
431.8,0.15449,0.01833,0.82717
431.9,0.15444,0.01837,0.82718
432.0,0.15439,0.01841,0.82720
432.1,0.15433,0.01846,0.82721
432.2,0.15428,0.01850,0.82722
432.3,0.15423,0.01854,0.82724
432.4,0.15417,0.01858,0.82725
432.5,0.15412,0.01862,0.82726
432.6,0.15406,0.01866,0.82727
432.7,0.15401,0.01871,0.82729
432.8,0.15395,0.01875,0.82730
432.9,0.15390,0.01879,0.82731
433.0,0.15384,0.01883,0.82733
433.1,0.15379,0.01888,0.82734
433.2,0.15373,0.01892,0.82735
433.3,0.15368,0.01896,0.82736
433.4,0.15362,0.01900,0.82737
433.5,0.15357,0.01905,0.82739
433.6,0.15351,0.01909,0.82740
433.7,0.15346,0.01913,0.82741
433.8,0.15340,0.01918,0.82742
433.9,0.15335,0.01922,0.82744
434.0,0.15329,0.01926,0.82745
434.1,0.15324,0.01930,0.82746
434.2,0.15318,0.01935,0.82747
434.3,0.15313,0.01939,0.82748
434.4,0.15307,0.01943,0.82749
434.5,0.15302,0.01947,0.82751
434.6,0.15297,0.01952,0.82752
434.7,0.15291,0.01956,0.82753
434.8,0.15286,0.01960,0.82754
434.9,0.15281,0.01964,0.82755
435.0,0.15276,0.01968,0.82756
435.1,0.15270,0.01972,0.82757
435.2,0.15265,0.01976,0.82758
435.3,0.15260,0.01980,0.82759
435.4,0.15255,0.01984,0.82760
435.5,0.15250,0.01988,0.82761
435.6,0.15245,0.01992,0.82763
435.7,0.15240,0.01996,0.82764
435.8,0.15235,0.02000,0.82765
435.9,0.15230,0.02004,0.82766
436.0,0.15225,0.02008,0.82767
436.1,0.15220,0.02012,0.82767
436.2,0.15216,0.02016,0.82768
436.3,0.15211,0.02020,0.82769
436.4,0.15206,0.02024,0.82770
436.5,0.15201,0.02028,0.82771
436.6,0.15196,0.02032,0.82772
436.7,0.15192,0.02035,0.82773
436.8,0.15187,0.02039,0.82774
436.9,0.15182,0.02043,0.82775
437.0,0.15178,0.02047,0.82775
437.1,0.15173,0.02051,0.82776
437.2,0.15168,0.02055,0.82777
437.3,0.15164,0.02059,0.82778
437.4,0.15159,0.02063,0.82778
437.5,0.15154,0.02066,0.82779
437.6,0.15150,0.02070,0.82780
437.7,0.15145,0.02074,0.82781
437.8,0.15140,0.02078,0.82781
437.9,0.15136,0.02082,0.82782
438.0,0.15131,0.02086,0.82782
438.1,0.15127,0.02090,0.82783
438.2,0.15122,0.02094,0.82784
438.3,0.15117,0.02098,0.82784
438.4,0.15113,0.02103,0.82785
438.5,0.15108,0.02107,0.82785
438.6,0.15104,0.02111,0.82786
438.7,0.15099,0.02115,0.82786
438.8,0.15094,0.02119,0.82787
438.9,0.15090,0.02123,0.82787
439.0,0.15085,0.02128,0.82787
439.1,0.15080,0.02132,0.82788
439.2,0.15075,0.02136,0.82788
439.3,0.15071,0.02141,0.82788
439.4,0.15066,0.02145,0.82789
439.5,0.15061,0.02150,0.82789
439.6,0.15056,0.02154,0.82789
439.7,0.15051,0.02159,0.82790
439.8,0.15046,0.02164,0.82790
439.9,0.15041,0.02169,0.82790
440.0,0.15036,0.02173,0.82790
440.1,0.15031,0.02178,0.82790
440.2,0.15026,0.02183,0.82790
440.3,0.15021,0.02188,0.82791
440.4,0.15016,0.02193,0.82791
440.5,0.15011,0.02198,0.82791
440.6,0.15006,0.02203,0.82791
440.7,0.15001,0.02209,0.82791
440.8,0.14995,0.02214,0.82791
440.9,0.14990,0.02219,0.82791
441.0,0.14985,0.02225,0.82791
441.1,0.14979,0.02230,0.82791
441.2,0.14974,0.02236,0.82790
441.3,0.14968,0.02241,0.82790
441.4,0.14963,0.02247,0.82790
441.5,0.14957,0.02253,0.82790
441.6,0.14952,0.02258,0.82790
441.7,0.14946,0.02264,0.82790
441.8,0.14941,0.02270,0.82789
441.9,0.14935,0.02276,0.82789
442.0,0.14929,0.02282,0.82789
442.1,0.14924,0.02288,0.82789
442.2,0.14918,0.02294,0.82788
442.3,0.14912,0.02300,0.82788
442.4,0.14906,0.02306,0.82788
442.5,0.14901,0.02312,0.82787
442.6,0.14895,0.02318,0.82787
442.7,0.14889,0.02324,0.82787
442.8,0.14883,0.02331,0.82786
442.9,0.14877,0.02337,0.82786
443.0,0.14871,0.02343,0.82785
443.1,0.14865,0.02350,0.82785
443.2,0.14859,0.02356,0.82784
443.3,0.14853,0.02363,0.82784
443.4,0.14847,0.02369,0.82783
443.5,0.14841,0.02376,0.82783
443.6,0.14835,0.02382,0.82782
443.7,0.14829,0.02389,0.82782
443.8,0.14823,0.02396,0.82781
443.9,0.14817,0.02402,0.82781
444.0,0.14811,0.02409,0.82780
444.1,0.14805,0.02416,0.82779
444.2,0.14799,0.02423,0.82779
444.3,0.14793,0.02430,0.82778
444.4,0.14786,0.02436,0.82777
444.5,0.14780,0.02443,0.82776
444.6,0.14774,0.02450,0.82776
444.7,0.14768,0.02457,0.82775
444.8,0.14762,0.02464,0.82774
444.9,0.14756,0.02471,0.82773
445.0,0.14749,0.02478,0.82773
445.1,0.14743,0.02485,0.82772
445.2,0.14737,0.02492,0.82771
445.3,0.14731,0.02499,0.82770
445.4,0.14725,0.02506,0.82769
445.5,0.14718,0.02513,0.82768
445.6,0.14712,0.02521,0.82767
445.7,0.14706,0.02528,0.82766
445.8,0.14700,0.02535,0.82765
445.9,0.14693,0.02542,0.82764
446.0,0.14687,0.02550,0.82763
446.1,0.14681,0.02557,0.82762
446.2,0.14675,0.02564,0.82761
446.3,0.14668,0.02572,0.82760
446.4,0.14662,0.02579,0.82759
446.5,0.14656,0.02587,0.82758
446.6,0.14649,0.02594,0.82756
446.7,0.14643,0.02602,0.82755
446.8,0.14637,0.02609,0.82754
446.9,0.14630,0.02617,0.82752
447.0,0.14624,0.02625,0.82751
447.1,0.14618,0.02633,0.82750
447.2,0.14611,0.02641,0.82748
447.3,0.14605,0.02649,0.82746
447.4,0.14599,0.02657,0.82745
447.5,0.14592,0.02665,0.82743
447.6,0.14586,0.02673,0.82742
447.7,0.14579,0.02681,0.82740
447.8,0.14573,0.02689,0.82738
447.9,0.14566,0.02698,0.82736
448.0,0.14560,0.02706,0.82734
448.1,0.14553,0.02715,0.82732
448.2,0.14547,0.02723,0.82730
448.3,0.14540,0.02732,0.82728
448.4,0.14533,0.02741,0.82726
448.5,0.14527,0.02750,0.82724
448.6,0.14520,0.02759,0.82722
448.7,0.14513,0.02768,0.82719
448.8,0.14507,0.02777,0.82717
448.9,0.14500,0.02786,0.82714
449.0,0.14493,0.02795,0.82712
449.1,0.14486,0.02805,0.82709
449.2,0.14479,0.02814,0.82706
449.3,0.14472,0.02824,0.82704
449.4,0.14465,0.02834,0.82701
449.5,0.14459,0.02844,0.82698
449.6,0.14452,0.02854,0.82695
449.7,0.14444,0.02864,0.82692
449.8,0.14437,0.02874,0.82689
449.9,0.14430,0.02884,0.82685
450.0,0.14423,0.02895,0.82682
450.1,0.14416,0.02906,0.82678
450.2,0.14409,0.02916,0.82675
450.3,0.14401,0.02927,0.82671
450.4,0.14394,0.02938,0.82668
450.5,0.14387,0.02949,0.82664
450.6,0.14379,0.02961,0.82660
450.7,0.14372,0.02972,0.82656
450.8,0.14364,0.02984,0.82652
450.9,0.14357,0.02995,0.82648
451.0,0.14349,0.03007,0.82643
451.1,0.14342,0.03019,0.82639
451.2,0.14334,0.03031,0.82635
451.3,0.14326,0.03044,0.82630
451.4,0.14318,0.03056,0.82626
451.5,0.14311,0.03068,0.82621
451.6,0.14303,0.03081,0.82616
451.7,0.14295,0.03094,0.82612
451.8,0.14287,0.03107,0.82607
451.9,0.14279,0.03120,0.82602
452.0,0.14271,0.03133,0.82597
452.1,0.14262,0.03146,0.82592
452.2,0.14254,0.03159,0.82586
452.3,0.14246,0.03173,0.82581
452.4,0.14238,0.03186,0.82576
452.5,0.14229,0.03200,0.82571
452.6,0.14221,0.03214,0.82565
452.7,0.14212,0.03228,0.82560
452.8,0.14204,0.03242,0.82554
452.9,0.14195,0.03256,0.82549
453.0,0.14186,0.03271,0.82543
453.1,0.14177,0.03285,0.82537
453.2,0.14169,0.03300,0.82531
453.3,0.14160,0.03315,0.82526
453.4,0.14151,0.03330,0.82520
453.5,0.14142,0.03345,0.82514
453.6,0.14133,0.03360,0.82508
453.7,0.14123,0.03375,0.82502
453.8,0.14114,0.03390,0.82496
453.9,0.14105,0.03406,0.82489
454.0,0.14095,0.03422,0.82483
454.1,0.14086,0.03437,0.82477
454.2,0.14076,0.03453,0.82471
454.3,0.14067,0.03469,0.82464
454.4,0.14057,0.03485,0.82458
454.5,0.14047,0.03501,0.82452
454.6,0.14037,0.03518,0.82445
454.7,0.14027,0.03534,0.82439
454.8,0.14017,0.03551,0.82432
454.9,0.14007,0.03567,0.82425
455.0,0.13997,0.03584,0.82419
455.1,0.13987,0.03601,0.82412
455.2,0.13976,0.03618,0.82406
455.3,0.13966,0.03635,0.82399
455.4,0.13955,0.03653,0.82392
455.5,0.13945,0.03670,0.82386
455.6,0.13934,0.03687,0.82379
455.7,0.13923,0.03705,0.82372
455.8,0.13912,0.03723,0.82365
455.9,0.13901,0.03741,0.82358
456.0,0.13890,0.03759,0.82351
456.1,0.13879,0.03777,0.82344
456.2,0.13868,0.03795,0.82337
456.3,0.13856,0.03813,0.82330
456.4,0.13845,0.03832,0.82323
456.5,0.13834,0.03850,0.82316
456.6,0.13822,0.03869,0.82309
456.7,0.13811,0.03888,0.82302
456.8,0.13799,0.03907,0.82294
456.9,0.13787,0.03926,0.82287
457.0,0.13775,0.03945,0.82279
457.1,0.13763,0.03965,0.82272
457.2,0.13751,0.03984,0.82264
457.3,0.13739,0.04004,0.82257
457.4,0.13727,0.04024,0.82249
457.5,0.13715,0.04044,0.82241
457.6,0.13703,0.04064,0.82234
457.7,0.13691,0.04084,0.82226
457.8,0.13678,0.04104,0.82218
457.9,0.13666,0.04125,0.82210
458.0,0.13653,0.04145,0.82202
458.1,0.13641,0.04166,0.82193
458.2,0.13628,0.04187,0.82185
458.3,0.13615,0.04208,0.82177
458.4,0.13603,0.04229,0.82168
458.5,0.13590,0.04250,0.82160
458.6,0.13577,0.04272,0.82151
458.7,0.13564,0.04293,0.82143
458.8,0.13551,0.04315,0.82134
458.9,0.13538,0.04337,0.82125
459.0,0.13525,0.04359,0.82116
459.1,0.13512,0.04381,0.82107
459.2,0.13499,0.04404,0.82098
459.3,0.13485,0.04426,0.82088
459.4,0.13472,0.04449,0.82079
459.5,0.13459,0.04472,0.82070
459.6,0.13445,0.04495,0.82060
459.7,0.13432,0.04518,0.82050
459.8,0.13419,0.04541,0.82040
459.9,0.13405,0.04565,0.82030
460.0,0.13392,0.04588,0.82020
460.1,0.13378,0.04612,0.82010
460.2,0.13364,0.04636,0.82000
460.3,0.13351,0.04660,0.81989
460.4,0.13337,0.04684,0.81979
460.5,0.13324,0.04709,0.81968
460.6,0.13310,0.04733,0.81957
460.7,0.13296,0.04758,0.81946
460.8,0.13282,0.04783,0.81935
460.9,0.13268,0.04808,0.81923
461.0,0.13254,0.04834,0.81912
461.1,0.13240,0.04859,0.81900
461.2,0.13226,0.04885,0.81889
461.3,0.13212,0.04911,0.81877
461.4,0.13198,0.04937,0.81865
461.5,0.13184,0.04963,0.81853
461.6,0.13170,0.04990,0.81840
461.7,0.13156,0.05016,0.81828
461.8,0.13141,0.05043,0.81815
461.9,0.13127,0.05070,0.81803
462.0,0.13112,0.05098,0.81790
462.1,0.13098,0.05125,0.81777
462.2,0.13083,0.05153,0.81764
462.3,0.13069,0.05181,0.81750
462.4,0.13054,0.05209,0.81737
462.5,0.13039,0.05238,0.81723
462.6,0.13024,0.05266,0.81709
462.7,0.13009,0.05295,0.81695
462.8,0.12994,0.05325,0.81681
462.9,0.12979,0.05354,0.81667
463.0,0.12964,0.05384,0.81652
463.1,0.12949,0.05414,0.81638
463.2,0.12933,0.05444,0.81623
463.3,0.12918,0.05474,0.81608
463.4,0.12902,0.05505,0.81593
463.5,0.12886,0.05536,0.81578
463.6,0.12871,0.05567,0.81562
463.7,0.12855,0.05599,0.81546
463.8,0.12839,0.05631,0.81531
463.9,0.12823,0.05663,0.81515
464.0,0.12807,0.05695,0.81498
464.1,0.12790,0.05728,0.81482
464.2,0.12774,0.05761,0.81465
464.3,0.12757,0.05794,0.81449
464.4,0.12741,0.05828,0.81432
464.5,0.12724,0.05861,0.81415
464.6,0.12707,0.05896,0.81397
464.7,0.12690,0.05930,0.81380
464.8,0.12673,0.05965,0.81362
464.9,0.12655,0.06000,0.81344
465.0,0.12638,0.06036,0.81326
465.1,0.12620,0.06072,0.81308
465.2,0.12603,0.06108,0.81289
465.3,0.12585,0.06144,0.81271
465.4,0.12567,0.06181,0.81252
465.5,0.12549,0.06219,0.81233
465.6,0.12530,0.06256,0.81213
465.7,0.12512,0.06294,0.81194
465.8,0.12493,0.06333,0.81174
465.9,0.12475,0.06371,0.81154
466.0,0.12456,0.06410,0.81134
466.1,0.12437,0.06450,0.81113
466.2,0.12418,0.06490,0.81093
466.3,0.12398,0.06530,0.81072
466.4,0.12379,0.06570,0.81051
466.5,0.12359,0.06611,0.81029
466.6,0.12339,0.06653,0.81008
466.7,0.12319,0.06694,0.80986
466.8,0.12299,0.06737,0.80964
466.9,0.12279,0.06779,0.80942
467.0,0.12259,0.06822,0.80919
467.1,0.12238,0.06866,0.80896
467.2,0.12218,0.06909,0.80873
467.3,0.12197,0.06954,0.80850
467.4,0.12176,0.06998,0.80826
467.5,0.12155,0.07043,0.80802
467.6,0.12133,0.07089,0.80778
467.7,0.12112,0.07135,0.80754
467.8,0.12090,0.07181,0.80729
467.9,0.12068,0.07228,0.80704
468.0,0.12046,0.07275,0.80678
468.1,0.12024,0.07323,0.80653
468.2,0.12002,0.07371,0.80627
468.3,0.11980,0.07420,0.80601
468.4,0.11957,0.07469,0.80574
468.5,0.11934,0.07518,0.80547
468.6,0.11911,0.07568,0.80520
468.7,0.11888,0.07619,0.80493
468.8,0.11865,0.07670,0.80465
468.9,0.11842,0.07721,0.80437
469.0,0.11818,0.07773,0.80409
469.1,0.11795,0.07825,0.80380
469.2,0.11771,0.07878,0.80351
469.3,0.11747,0.07932,0.80322
469.4,0.11722,0.07986,0.80292
469.5,0.11698,0.08040,0.80262
469.6,0.11674,0.08095,0.80231
469.7,0.11649,0.08151,0.80200
469.8,0.11624,0.08207,0.80169
469.9,0.11599,0.08263,0.80138
470.0,0.11574,0.08320,0.80106
470.1,0.11549,0.08378,0.80074
470.2,0.11523,0.08436,0.80041
470.3,0.11497,0.08495,0.80008
470.4,0.11471,0.08554,0.79974
470.5,0.11445,0.08614,0.79941
470.6,0.11419,0.08674,0.79906
470.7,0.11393,0.08735,0.79872
470.8,0.11366,0.08797,0.79837
470.9,0.11340,0.08859,0.79801
471.0,0.11313,0.08922,0.79766
471.1,0.11286,0.08985,0.79729
471.2,0.11259,0.09049,0.79693
471.3,0.11231,0.09113,0.79656
471.4,0.11204,0.09178,0.79618
471.5,0.11176,0.09244,0.79580
471.6,0.11148,0.09310,0.79542
471.7,0.11120,0.09377,0.79503
471.8,0.11091,0.09445,0.79464
471.9,0.11063,0.09513,0.79424
472.0,0.11034,0.09582,0.79384
472.1,0.11005,0.09651,0.79343
472.2,0.10976,0.09722,0.79302
472.3,0.10947,0.09792,0.79261
472.4,0.10917,0.09864,0.79219
472.5,0.10888,0.09936,0.79176
472.6,0.10858,0.10009,0.79133
472.7,0.10828,0.10082,0.79090
472.8,0.10798,0.10157,0.79046
472.9,0.10767,0.10231,0.79001
473.0,0.10736,0.10307,0.78956
473.1,0.10706,0.10383,0.78911
473.2,0.10675,0.10460,0.78865
473.3,0.10643,0.10538,0.78819
473.4,0.10612,0.10616,0.78772
473.5,0.10580,0.10696,0.78724
473.6,0.10548,0.10776,0.78676
473.7,0.10516,0.10856,0.78628
473.8,0.10484,0.10938,0.78579
473.9,0.10451,0.11020,0.78529
474.0,0.10418,0.11103,0.78479
474.1,0.10385,0.11186,0.78428
474.2,0.10352,0.11271,0.78377
474.3,0.10319,0.11356,0.78325
474.4,0.10285,0.11442,0.78273
474.5,0.10251,0.11529,0.78220
474.6,0.10217,0.11616,0.78166
474.7,0.10183,0.11705,0.78112
474.8,0.10148,0.11794,0.78058
474.9,0.10113,0.11884,0.78002
475.0,0.10078,0.11975,0.77947
475.1,0.10043,0.12067,0.77890
475.2,0.10008,0.12159,0.77833
475.3,0.09972,0.12253,0.77775
475.4,0.09936,0.12347,0.77717
475.5,0.09900,0.12442,0.77658
475.6,0.09863,0.12538,0.77599
475.7,0.09827,0.12635,0.77539
475.8,0.09790,0.12733,0.77478
475.9,0.09753,0.12831,0.77416
476.0,0.09715,0.12930,0.77354
476.1,0.09678,0.13031,0.77292
476.2,0.09640,0.13132,0.77229
476.3,0.09602,0.13234,0.77165
476.4,0.09563,0.13336,0.77100
476.5,0.09525,0.13440,0.77035
476.6,0.09486,0.13544,0.76969
476.7,0.09447,0.13650,0.76903
476.8,0.09408,0.13756,0.76836
476.9,0.09369,0.13863,0.76768
477.0,0.09329,0.13971,0.76700
477.1,0.09290,0.14080,0.76631
477.2,0.09250,0.14189,0.76561
477.3,0.09210,0.14300,0.76491
477.4,0.09169,0.14411,0.76420
477.5,0.09129,0.14523,0.76348
477.6,0.09088,0.14636,0.76276
477.7,0.09047,0.14750,0.76203
477.8,0.09006,0.14865,0.76129
477.9,0.08964,0.14981,0.76055
478.0,0.08923,0.15097,0.75980
478.1,0.08881,0.15214,0.75905
478.2,0.08839,0.15333,0.75828
478.3,0.08797,0.15452,0.75752
478.4,0.08755,0.15571,0.75674
478.5,0.08712,0.15692,0.75596
478.6,0.08669,0.15814,0.75517
478.7,0.08627,0.15936,0.75437
478.8,0.08584,0.16059,0.75357
478.9,0.08540,0.16183,0.75276
479.0,0.08497,0.16308,0.75195
479.1,0.08454,0.16434,0.75113
479.2,0.08410,0.16560,0.75030
479.3,0.08366,0.16688,0.74946
479.4,0.08322,0.16816,0.74862
479.5,0.08278,0.16945,0.74777
479.6,0.08234,0.17074,0.74692
479.7,0.08189,0.17205,0.74606
479.8,0.08145,0.17336,0.74519
479.9,0.08100,0.17468,0.74432
480.0,0.08055,0.17601,0.74344
480.1,0.08010,0.17735,0.74255
480.2,0.07965,0.17869,0.74166
480.3,0.07920,0.18004,0.74076
480.4,0.07874,0.18140,0.73985
480.5,0.07829,0.18277,0.73894
480.6,0.07783,0.18415,0.73802
480.7,0.07737,0.18553,0.73709
480.8,0.07691,0.18692,0.73616
480.9,0.07645,0.18833,0.73522
481.0,0.07599,0.18973,0.73427
481.1,0.07553,0.19115,0.73332
481.2,0.07506,0.19258,0.73236
481.3,0.07460,0.19401,0.73139
481.4,0.07413,0.19545,0.73042
481.5,0.07366,0.19690,0.72943
481.6,0.07319,0.19836,0.72844
481.7,0.07272,0.19983,0.72745
481.8,0.07225,0.20131,0.72644
481.9,0.07178,0.20279,0.72543
482.0,0.07130,0.20429,0.72441
482.1,0.07083,0.20579,0.72338
482.2,0.07035,0.20731,0.72235
482.3,0.06987,0.20883,0.72130
482.4,0.06939,0.21036,0.72025
482.5,0.06891,0.21190,0.71919
482.6,0.06843,0.21345,0.71813
482.7,0.06794,0.21501,0.71705
482.8,0.06746,0.21657,0.71597
482.9,0.06697,0.21815,0.71488
483.0,0.06649,0.21974,0.71378
483.1,0.06600,0.22134,0.71267
483.2,0.06551,0.22294,0.71155
483.3,0.06502,0.22456,0.71042
483.4,0.06452,0.22618,0.70929
483.5,0.06403,0.22782,0.70815
483.6,0.06354,0.22947,0.70700
483.7,0.06304,0.23112,0.70584
483.8,0.06255,0.23279,0.70467
483.9,0.06205,0.23446,0.70349
484.0,0.06155,0.23615,0.70230
484.1,0.06105,0.23785,0.70110
484.2,0.06055,0.23956,0.69990
484.3,0.06005,0.24127,0.69868
484.4,0.05954,0.24300,0.69745
484.5,0.05904,0.24474,0.69622
484.6,0.05854,0.24649,0.69498
484.7,0.05803,0.24825,0.69372
484.8,0.05752,0.25002,0.69246
484.9,0.05701,0.25180,0.69118
485.0,0.05651,0.25359,0.68990
485.1,0.05600,0.25540,0.68860
485.2,0.05549,0.25721,0.68730
485.3,0.05497,0.25904,0.68599
485.4,0.05446,0.26088,0.68466
485.5,0.05395,0.26272,0.68333
485.6,0.05344,0.26458,0.68198
485.7,0.05292,0.26645,0.68063
485.8,0.05241,0.26833,0.67926
485.9,0.05189,0.27022,0.67789
486.0,0.05138,0.27212,0.67650
486.1,0.05086,0.27403,0.67511
486.2,0.05035,0.27595,0.67370
486.3,0.04983,0.27789,0.67228
486.4,0.04931,0.27983,0.67086
486.5,0.04880,0.28178,0.66942
486.6,0.04828,0.28374,0.66798
486.7,0.04776,0.28572,0.66652
486.8,0.04725,0.28770,0.66505
486.9,0.04673,0.28969,0.66358
487.0,0.04622,0.29169,0.66209
487.1,0.04570,0.29371,0.66059
487.2,0.04518,0.29573,0.65909
487.3,0.04467,0.29776,0.65757
487.4,0.04415,0.29980,0.65605
487.5,0.04364,0.30185,0.65451
487.6,0.04313,0.30391,0.65296
487.7,0.04261,0.30598,0.65141
487.8,0.04210,0.30806,0.64984
487.9,0.04159,0.31014,0.64827
488.0,0.04108,0.31224,0.64668
488.1,0.04057,0.31434,0.64509
488.2,0.04006,0.31646,0.64348
488.3,0.03955,0.31858,0.64187
488.4,0.03905,0.32071,0.64025
488.5,0.03854,0.32284,0.63862
488.6,0.03804,0.32499,0.63697
488.7,0.03754,0.32714,0.63532
488.8,0.03703,0.32930,0.63366
488.9,0.03654,0.33147,0.63199
489.0,0.03604,0.33365,0.63031
489.1,0.03554,0.33583,0.62863
489.2,0.03505,0.33802,0.62693
489.3,0.03455,0.34022,0.62522
489.4,0.03406,0.34243,0.62351
489.5,0.03358,0.34464,0.62178
489.6,0.03309,0.34686,0.62005
489.7,0.03260,0.34908,0.61831
489.8,0.03212,0.35131,0.61656
489.9,0.03164,0.35355,0.61481
490.0,0.03117,0.35580,0.61304
490.1,0.03069,0.35805,0.61126
490.2,0.03022,0.36030,0.60948
490.3,0.02975,0.36256,0.60769
490.4,0.02928,0.36483,0.60589
490.5,0.02882,0.36710,0.60409
490.6,0.02835,0.36938,0.60227
490.7,0.02790,0.37166,0.60045
490.8,0.02744,0.37395,0.59862
490.9,0.02699,0.37624,0.59678
491.0,0.02654,0.37853,0.59493
491.1,0.02609,0.38084,0.59307
491.2,0.02565,0.38314,0.59121
491.3,0.02520,0.38545,0.58934
491.4,0.02477,0.38777,0.58746
491.5,0.02433,0.39009,0.58558
491.6,0.02390,0.39241,0.58368
491.7,0.02348,0.39474,0.58178
491.8,0.02305,0.39707,0.57988
491.9,0.02263,0.39941,0.57796
492.0,0.02222,0.40175,0.57604
492.1,0.02180,0.40409,0.57411
492.2,0.02140,0.40644,0.57217
492.3,0.02099,0.40878,0.57022
492.4,0.02059,0.41114,0.56827
492.5,0.02019,0.41349,0.56631
492.6,0.01980,0.41585,0.56435
492.7,0.01941,0.41821,0.56238
492.8,0.01903,0.42058,0.56040
492.9,0.01865,0.42294,0.55841
493.0,0.01827,0.42531,0.55642
493.1,0.01790,0.42768,0.55442
493.2,0.01753,0.43005,0.55241
493.3,0.01717,0.43243,0.55040
493.4,0.01681,0.43480,0.54838
493.5,0.01646,0.43718,0.54636
493.6,0.01611,0.43956,0.54433
493.7,0.01577,0.44194,0.54229
493.8,0.01543,0.44432,0.54025
493.9,0.01510,0.44671,0.53820
494.0,0.01477,0.44909,0.53614
494.1,0.01445,0.45147,0.53408
494.2,0.01413,0.45386,0.53201
494.3,0.01382,0.45624,0.52994
494.4,0.01351,0.45863,0.52786
494.5,0.01321,0.46101,0.52578
494.6,0.01291,0.46340,0.52369
494.7,0.01262,0.46579,0.52160
494.8,0.01233,0.46817,0.51950
494.9,0.01205,0.47055,0.51740
495.0,0.01178,0.47294,0.51529
495.1,0.01151,0.47532,0.51317
495.2,0.01124,0.47770,0.51105
495.3,0.01099,0.48008,0.50893
495.4,0.01073,0.48246,0.50680
495.5,0.01049,0.48484,0.50467
495.6,0.01025,0.48722,0.50253
495.7,0.01001,0.48960,0.50039
495.8,0.00978,0.49198,0.49824
495.9,0.00955,0.49436,0.49609
496.0,0.00933,0.49673,0.49393
496.1,0.00912,0.49911,0.49177
496.2,0.00891,0.50149,0.48960
496.3,0.00871,0.50386,0.48743
496.4,0.00851,0.50624,0.48525
496.5,0.00831,0.50861,0.48307
496.6,0.00812,0.51099,0.48089
496.7,0.00794,0.51336,0.47870
496.8,0.00776,0.51574,0.47650
496.9,0.00758,0.51811,0.47430
497.0,0.00741,0.52049,0.47210
497.1,0.00725,0.52286,0.46989
497.2,0.00709,0.52524,0.46767
497.3,0.00693,0.52761,0.46546
497.4,0.00678,0.52999,0.46323
497.5,0.00663,0.53236,0.46101
497.6,0.00649,0.53474,0.45877
497.7,0.00635,0.53711,0.45654
497.8,0.00622,0.53949,0.45429
497.9,0.00609,0.54187,0.45205
498.0,0.00596,0.54424,0.44980
498.1,0.00584,0.54662,0.44754
498.2,0.00572,0.54900,0.44528
498.3,0.00560,0.55138,0.44302
498.4,0.00549,0.55376,0.44075
498.5,0.00539,0.55614,0.43848
498.6,0.00528,0.55852,0.43620
498.7,0.00518,0.56090,0.43392
498.8,0.00509,0.56328,0.43163
498.9,0.00499,0.56566,0.42934
499.0,0.00490,0.56805,0.42705
499.1,0.00482,0.57043,0.42475
499.2,0.00474,0.57282,0.42245
499.3,0.00466,0.57521,0.42014
499.4,0.00458,0.57759,0.41783
499.5,0.00451,0.57998,0.41551
499.6,0.00444,0.58237,0.41319
499.7,0.00437,0.58476,0.41087
499.8,0.00430,0.58716,0.40854
499.9,0.00424,0.58955,0.40621
500.0,0.00418,0.59194,0.40387
500.1,0.00413,0.59434,0.40153
500.2,0.00407,0.59674,0.39919
500.3,0.00402,0.59914,0.39684
500.4,0.00397,0.60153,0.39449
500.5,0.00393,0.60393,0.39214
500.6,0.00388,0.60633,0.38978
500.7,0.00384,0.60873,0.38742
500.8,0.00381,0.61113,0.38506
500.9,0.00377,0.61353,0.38269
501.0,0.00374,0.61593,0.38033
501.1,0.00372,0.61833,0.37795
501.2,0.00369,0.62073,0.37558
501.3,0.00367,0.62312,0.37320
501.4,0.00366,0.62552,0.37083
501.5,0.00364,0.62791,0.36845
501.6,0.00364,0.63030,0.36606
501.7,0.00363,0.63269,0.36368
501.8,0.00363,0.63508,0.36130
501.9,0.00363,0.63746,0.35891
502.0,0.00364,0.63984,0.35652
502.1,0.00365,0.64222,0.35413
502.2,0.00366,0.64460,0.35174
502.3,0.00368,0.64697,0.34935
502.4,0.00370,0.64934,0.34696
502.5,0.00373,0.65170,0.34457
502.6,0.00376,0.65407,0.34217
502.7,0.00380,0.65642,0.33978
502.8,0.00384,0.65877,0.33739
502.9,0.00388,0.66112,0.33499
503.0,0.00393,0.66346,0.33260
503.1,0.00399,0.66580,0.33021
503.2,0.00405,0.66813,0.32782
503.3,0.00411,0.67046,0.32543
503.4,0.00418,0.67278,0.32304
503.5,0.00426,0.67510,0.32065
503.6,0.00434,0.67740,0.31826
503.7,0.00442,0.67970,0.31587
503.8,0.00452,0.68200,0.31349
503.9,0.00461,0.68429,0.31110
504.0,0.00471,0.68656,0.30872
504.1,0.00482,0.68884,0.30634
504.2,0.00493,0.69110,0.30397
504.3,0.00505,0.69336,0.30159
504.4,0.00518,0.69561,0.29922
504.5,0.00531,0.69784,0.29685
504.6,0.00544,0.70007,0.29448
504.7,0.00558,0.70230,0.29212
504.8,0.00573,0.70451,0.28976
504.9,0.00589,0.70671,0.28740
505.0,0.00605,0.70890,0.28505
505.1,0.00621,0.71109,0.28270
505.2,0.00639,0.71326,0.28035
505.3,0.00657,0.71542,0.27801
505.4,0.00675,0.71757,0.27568
505.5,0.00695,0.71970,0.27335
505.6,0.00715,0.72183,0.27102
505.7,0.00735,0.72394,0.26871
505.8,0.00757,0.72603,0.26640
505.9,0.00779,0.72812,0.26409
506.0,0.00802,0.73018,0.26180
506.1,0.00825,0.73224,0.25951
506.2,0.00850,0.73427,0.25723
506.3,0.00875,0.73629,0.25496
506.4,0.00901,0.73829,0.25270
506.5,0.00927,0.74028,0.25045
506.6,0.00955,0.74225,0.24820
506.7,0.00983,0.74420,0.24597
506.8,0.01012,0.74613,0.24375
506.9,0.01042,0.74804,0.24154
507.0,0.01073,0.74993,0.23934
507.1,0.01104,0.75180,0.23716
507.2,0.01136,0.75365,0.23498
507.3,0.01169,0.75549,0.23282
507.4,0.01203,0.75730,0.23067
507.5,0.01238,0.75909,0.22853
507.6,0.01273,0.76086,0.22641
507.7,0.01310,0.76260,0.22430
507.8,0.01347,0.76433,0.22220
507.9,0.01385,0.76603,0.22012
508.0,0.01424,0.76771,0.21805
508.1,0.01464,0.76936,0.21600
508.2,0.01504,0.77100,0.21396
508.3,0.01546,0.77260,0.21194
508.4,0.01588,0.77419,0.20993
508.5,0.01631,0.77575,0.20794
508.6,0.01675,0.77729,0.20596
508.7,0.01720,0.77880,0.20400
508.8,0.01766,0.78029,0.20205
508.9,0.01813,0.78175,0.20012
509.0,0.01860,0.78319,0.19821
509.1,0.01908,0.78460,0.19631
509.2,0.01958,0.78599,0.19443
509.3,0.02008,0.78736,0.19257
509.4,0.02059,0.78869,0.19072
509.5,0.02110,0.79000,0.18889
509.6,0.02163,0.79129,0.18708
509.7,0.02216,0.79255,0.18529
509.8,0.02271,0.79379,0.18351
509.9,0.02326,0.79499,0.18175
510.0,0.02382,0.79618,0.18001
510.1,0.02438,0.79733,0.17828
510.2,0.02496,0.79846,0.17658
510.3,0.02554,0.79957,0.17489
510.4,0.02614,0.80065,0.17321
510.5,0.02674,0.80171,0.17156
510.6,0.02734,0.80274,0.16992
510.7,0.02795,0.80375,0.16830
510.8,0.02857,0.80474,0.16669
510.9,0.02920,0.80570,0.16510
511.0,0.02983,0.80664,0.16352
511.1,0.03047,0.80757,0.16196
511.2,0.03112,0.80847,0.16042
511.3,0.03177,0.80935,0.15889
511.4,0.03242,0.81021,0.15737
511.5,0.03308,0.81105,0.15587
511.6,0.03375,0.81187,0.15438
511.7,0.03442,0.81267,0.15291
511.8,0.03509,0.81346,0.15145
511.9,0.03577,0.81423,0.15001
512.0,0.03645,0.81498,0.14857
512.1,0.03714,0.81571,0.14715
512.2,0.03783,0.81643,0.14575
512.3,0.03852,0.81713,0.14436
512.4,0.03921,0.81781,0.14298
512.5,0.03991,0.81848,0.14161
512.6,0.04062,0.81913,0.14025
512.7,0.04132,0.81977,0.13891
512.8,0.04203,0.82040,0.13758
512.9,0.04274,0.82101,0.13626
513.0,0.04345,0.82161,0.13495
513.1,0.04416,0.82219,0.13365
513.2,0.04487,0.82276,0.13236
513.3,0.04559,0.82332,0.13109
513.4,0.04631,0.82387,0.12982
513.5,0.04702,0.82441,0.12857
513.6,0.04774,0.82493,0.12733
513.7,0.04846,0.82544,0.12610
513.8,0.04918,0.82595,0.12487
513.9,0.04990,0.82644,0.12366
514.0,0.05062,0.82692,0.12246
514.1,0.05134,0.82739,0.12127
514.2,0.05206,0.82785,0.12008
514.3,0.05278,0.82831,0.11891
514.4,0.05350,0.82875,0.11774
514.5,0.05422,0.82919,0.11659
514.6,0.05494,0.82962,0.11544
514.7,0.05565,0.83004,0.11431
514.8,0.05637,0.83045,0.11318
514.9,0.05708,0.83086,0.11206
515.0,0.05780,0.83125,0.11095
515.1,0.05851,0.83165,0.10985
515.2,0.05922,0.83203,0.10875
515.3,0.05993,0.83241,0.10767
515.4,0.06063,0.83278,0.10659
515.5,0.06134,0.83314,0.10552
515.6,0.06204,0.83350,0.10446
515.7,0.06274,0.83385,0.10341
515.8,0.06345,0.83419,0.10237
515.9,0.06415,0.83452,0.10133
516.0,0.06485,0.83484,0.10031
516.1,0.06555,0.83516,0.09929
516.2,0.06625,0.83547,0.09828
516.3,0.06694,0.83577,0.09728
516.4,0.06764,0.83607,0.09629
516.5,0.06834,0.83635,0.09531
516.6,0.06904,0.83663,0.09433
516.7,0.06973,0.83690,0.09337
516.8,0.07043,0.83716,0.09241
516.9,0.07113,0.83741,0.09146
517.0,0.07183,0.83765,0.09052
517.1,0.07252,0.83789,0.08959
517.2,0.07322,0.83811,0.08867
517.3,0.07392,0.83833,0.08775
517.4,0.07462,0.83854,0.08685
517.5,0.07532,0.83874,0.08595
517.6,0.07602,0.83893,0.08506
517.7,0.07672,0.83911,0.08418
517.8,0.07742,0.83928,0.08330
517.9,0.07812,0.83944,0.08244
518.0,0.07882,0.83959,0.08158
518.1,0.07953,0.83974,0.08073
518.2,0.08023,0.83987,0.07990
518.3,0.08094,0.84000,0.07906
518.4,0.08165,0.84011,0.07824
518.5,0.08236,0.84022,0.07742
518.6,0.08307,0.84032,0.07662
518.7,0.08378,0.84040,0.07582
518.8,0.08449,0.84048,0.07503
518.9,0.08521,0.84055,0.07424
